0 0.4484375 0.5677570093457944 0.1484375 0.3247663551401869
0 0.22734375 0.6214953271028038 0.1140625 0.38317757009345793
0 0.4078125 0.42406542056074764 0.0515625 0.16121495327102803
0 0.340625 0.669392523364486 0.1609375 0.25
0 0.9171875 0.39369158878504673 0.03125 0.13317757009345793
0 0.76640625 0.3282710280373832 0.0078125 0.02570093457943925
0 0.61640625 0.3411214953271028 0.009375 0.03271028037383177
0 0.72421875 0.3352803738317757 0.0078125 0.037383177570093455
0 0.81953125 0.33060747663551404 0.0046875 0.018691588785046728
0 0.80703125 0.3294392523364486 0.0140625 0.0397196261682243
0 0.02265625 0.4357476635514019 0.04375 0.07710280373831775
0 0.95078125 0.352803738317757 0.025 0.07710280373831775