0 0.37734375 0.5269953051643192 0.234375 0.8075117370892019
0 0.53359375 0.5 0.1859375 0.687793427230047
0 0.57734375 0.4213615023474178 0.1203125 0.5492957746478874
0 0.6953125 0.5880281690140845 0.609375 0.7347417840375586
0 0.709375 0.1619718309859155 0.0265625 0.11267605633802817
0 0.10078125 0.16666666666666666 0.0359375 0.1643192488262911
0 0.75546875 0.13732394366197184 0.0234375 0.09624413145539906
0 0.834375 0.13732394366197184 0.0265625 0.08450704225352113
0 0.8859375 0.15492957746478872 0.0390625 0.1267605633802817
0 0.91484375 0.107981220657277 0.0296875 0.046948356807511735
0 0.8375 0.18896713615023475 0.03125 0.06572769953051644
0 0.92109375 0.17018779342723006 0.040625 0.08685446009389672
0 0.8046875 0.1807511737089202 0.034375 0.07276995305164319
