0 0.22265625 0.11458333333333333 0.0390625 0.12916666666666668
0 0.25546875 0.09166666666666666 0.0125 0.04375
0 0.62890625 0.11354166666666667 0.009375 0.029166666666666667
0 0.06328125 0.11145833333333334 0.0375 0.03333333333333333
0 0.41328125 0.553125 0.209375 0.6020833333333333
0 0.02421875 0.103125 0.028125 0.03125
0 0.028125 0.09791666666666667 0.0171875 0.01875
0 0.61875 0.1125 0.0078125 0.03125
0 0.82890625 0.128125 0.0125 0.029166666666666667
0 0.43828125 0.11979166666666667 0.2359375 0.23958333333333334
0 0.1359375 0.08020833333333334 0.015625 0.04583333333333333
0 0.0953125 0.11770833333333333 0.034375 0.03958333333333333
0 0.75390625 0.12291666666666666 0.0046875 0.025