0 0.38046875 0.35974304068522484 0.13125 0.4518201284796574
0 0.7671875 0.5278372591006424 0.1046875 0.44539614561027835
0 0.01484375 0.5182012847965739 0.0296875 0.32119914346895073
0 0.1921875 0.49785867237687365 0.078125 0.37687366167023556
0 0.66171875 0.6274089935760171 0.165625 0.556745182012848
0 0.94609375 0.5449678800856531 0.10625 0.4732334047109208
0 0.96796875 0.8265524625267666 0.0640625 0.32548179871520344
0 0.08046875 0.4079229122055675 0.015625 0.14989293361884368
0 0.03515625 0.41755888650963596 0.0125 0.10706638115631692
0 0.86171875 0.658458244111349 0.25 0.582441113490364
0 0.86875 0.3511777301927195 0.04375 0.044967880085653104
0 0.64375 0.39079229122055675 0.0328125 0.11134903640256959
0 0.1046875 0.5417558886509636 0.0921875 0.19271948608137046