0 0.5653333333333334 0.782 0.13866666666666666 0.234
0 0.932 0.765 0.056 0.132
0 0.20666666666666667 0.741 0.13333333333333333 0.318
0 0.044 0.74 0.08533333333333333 0.18
0 0.13066666666666665 0.739 0.06666666666666667 0.104
0 0.44666666666666666 0.754 0.04533333333333334 0.118
0 0.33866666666666667 0.772 0.056 0.072
0 0.7893333333333333 0.764 0.08266666666666667 0.148
0 0.616 0.819 0.096 0.134
0 0.088 0.732 0.034666666666666665 0.116
0 0.29333333333333333 0.753 0.032 0.05
0 0.7213333333333334 0.786 0.09066666666666667 0.096
0 0.49333333333333335 0.742 0.032 0.086
