0 0.41953125 0.5497835497835498 0.103125 0.2943722943722944
0 0.5078125 0.31277056277056275 0.08125 0.12554112554112554
0 0.67421875 0.32142857142857145 0.059375 0.09740259740259741
0 0.16328125 0.4383116883116883 0.05625 0.17532467532467533
0 0.753125 0.40584415584415584 0.065625 0.08658008658008658
0 0.71015625 0.6006493506493507 0.075 0.21212121212121213
0 0.815625 0.4296536796536797 0.0984375 0.28354978354978355
0 0.44765625 0.30952380952380953 0.05625 0.12121212121212122
0 0.63671875 0.6190476190476191 0.153125 0.18398268398268397
0 0.60546875 0.3712121212121212 0.075 0.17316017316017315
0 0.47734375 0.27164502164502163 0.03125 0.06926406926406926
0 0.23984375 0.43398268398268397 0.090625 0.20562770562770563
0 0.40234375 0.21212121212121213 0.0625 0.08225108225108226
