0 0.29921875 0.25416666666666665 0.19375 0.3416666666666667
0 0.7609375 0.10729166666666666 0.125 0.16041666666666668
0 0.47578125 0.1625 0.1625 0.3229166666666667
0 0.1484375 0.17395833333333333 0.1390625 0.3458333333333333
0 0.0625 0.3625 0.125 0.3229166666666667
0 0.0014559578125 0.00161911875 0.0002130859375 0.0008767791666666666
0 0.0014883671875 0.0007569875 0.0001482671875 0.00028350625
0 0.65234375 0.10833333333333334 0.0546875 0.15833333333333333
0 0.70234375 0.075 0.0546875 0.075
0 0.95703125 0.14270833333333333 0.0859375 0.19166666666666668
0 0.375 0.09895833333333333 0.0765625 0.19791666666666666
0 0.19296875 0.06666666666666667 0.090625 0.13333333333333333
0 0.2921875 0.059375 0.0640625 0.075
