0 0.4686609686609687 0.557 0.33903133903133903 0.638
0 0.16096866096866097 0.464 0.23076923076923078 0.402
0 0.6908831908831908 0.368 0.039886039886039885 0.118
0 0.6253561253561254 0.37 0.05413105413105413 0.108
0 0.039886039886039885 0.416 0.07977207977207977 0.184
0 0.37464387464387466 0.342 0.037037037037037035 0.038
0 0.6595441595441596 0.338 0.022792022792022793 0.042
0 0.2849002849002849 0.369 0.039886039886039885 0.092
0 0.42450142450142453 0.291 0.06267806267806268 0.058
0 0.2535612535612536 0.393 0.037037037037037035 0.124
0 0.6609686609686609 0.371 0.022792022792022793 0.034
