0 0.8171875 0.5421545667447307 0.2015625 0.6487119437939111
0 0.64921875 0.5480093676814989 0.2328125 0.6370023419203747
0 0.63203125 0.3864168618266979 0.246875 0.40749414519906324
0 0.440625 0.49414519906323184 0.23125 0.7236533957845434
0 0.23515625 0.4566744730679157 0.1671875 0.6370023419203747
0 0.128125 0.5491803278688525 0.25625 0.6229508196721312
0 0.2953125 0.2529274004683841 0.0765625 0.39344262295081966
0 0.56484375 0.22131147540983606 0.0890625 0.3395784543325527
0 0.74375 0.14402810304449648 0.0734375 0.1920374707259953
0 0.02578125 0.20374707259953162 0.0515625 0.16393442622950818
0 0.98515625 0.2154566744730679 0.0296875 0.30210772833723654
0 0.1984375 0.19086651053864168 0.1578125 0.38173302107728335
0 0.97109375 0.2259953161592506 0.0546875 0.34894613583138173