0 0.47890625 0.409375 0.084375 0.16666666666666666
0 0.8875 0.5677083333333334 0.0875 0.21875
0 0.478125 0.29791666666666666 0.0296875 0.1
0 0.95390625 0.3177083333333333 0.040625 0.15416666666666667
0 0.215625 0.4479166666666667 0.0484375 0.1875
0 0.51875 0.5322916666666667 0.0921875 0.19375
0 0.8140625 0.490625 0.0875 0.18125
0 0.3484375 0.503125 0.090625 0.20208333333333334
0 0.6171875 0.334375 0.0328125 0.15208333333333332
0 0.353125 0.35104166666666664 0.028125 0.06041666666666667
0 0.5578125 0.246875 0.0328125 0.07083333333333333
0 0.68046875 0.421875 0.0625 0.19166666666666668
0 0.3375 0.38125 0.046875 0.09166666666666666
