0 0.36875 0.32395833333333335 0.0625 0.12916666666666668
0 0.6734375 0.4395833333333333 0.0375 0.16458333333333333
0 0.77421875 0.32083333333333336 0.0578125 0.1375
0 0.1390625 0.31979166666666664 0.0671875 0.12708333333333333
0 0.1015625 0.32916666666666666 0.0296875 0.1125
0 0.83515625 0.34791666666666665 0.065625 0.21666666666666667
0 0.74296875 0.453125 0.13125 0.36666666666666664
0 0.2734375 0.2875 0.0265625 0.04583333333333333
0 0.9515625 0.328125 0.096875 0.26458333333333334
0 0.80546875 0.3020833333333333 0.021875 0.08125
0 0.11953125 0.2875 0.0125 0.041666666666666664
0 0.4859375 0.56875 0.6046875 0.8604166666666667
0 0.24609375 0.29270833333333335 0.0265625 0.03333333333333333
