0 0.597 0.7933333333333333 0.01 0.018666666666666668
0 0.637 0.796 0.01 0.021333333333333333
0 0.612 0.7946666666666666 0.012 0.021333333333333333
0 0.302 0.7333333333333333 0.01 0.018666666666666668
0 0.313 0.7346666666666667 0.014 0.024
0 0.384 0.7493333333333333 0.014 0.018666666666666668
0 0.348 0.744 0.012 0.016
0 0.446 0.764 0.014 0.021333333333333333
0 0.434 0.764 0.01 0.013333333333333334
0 0.41 0.752 0.014 0.021333333333333333
0 0.652 0.804 0.008 0.016
0 0.604 0.796 0.006 0.016
0 0.475 0.7733333333333333 0.012 0.013333333333333334