0 0.31796875 0.40208333333333335 0.421875 0.79375
0 0.5875 0.09895833333333333 0.0171875 0.04375
0 0.21015625 0.07708333333333334 0.021875 0.05416666666666667
0 0.15703125 0.08229166666666667 0.0296875 0.05625
0 0.08359375 0.075 0.0328125 0.06458333333333334
0 0.13671875 0.07604166666666666 0.028125 0.05416666666666667
0 0.175 0.08541666666666667 0.028125 0.03958333333333333
0 0.60625 0.10416666666666667 0.0234375 0.03958333333333333
0 0.23828125 0.08854166666666667 0.03125 0.05
0 0.525 0.09166666666666666 0.0296875 0.04791666666666667
0 0.55703125 0.22708333333333333 0.0859375 0.24791666666666667
0 0.046875 0.06770833333333333 0.028125 0.075
0 0.4375 0.06458333333333334 0.01875 0.029166666666666667
