0 0.207 0.6876876876876877 0.022 0.06906906906906907
0 0.776 0.6696696696696697 0.016 0.04504504504504504
0 0.917 0.6711711711711712 0.012 0.057057057057057055
0 0.629 0.6741741741741741 0.01 0.05105105105105105
0 0.584 0.6726726726726727 0.01 0.057057057057057055
0 0.854 0.6756756756756757 0.014 0.057057057057057055
0 0.653 0.6741741741741741 0.01 0.05105105105105105
0 0.662 0.6861861861861862 0.012 0.02702702702702703
0 0.311 0.6876876876876877 0.01 0.04504504504504504
0 0.33 0.6936936936936937 0.014 0.036036036036036036
0 0.547 0.5930930930930931 0.01 0.02702702702702703
0 0.574 0.6786786786786787 0.014 0.042042042042042045