0 0.2015625 0.6044600938967136 0.1140625 0.5938967136150235
0 0.2828125 0.6690140845070423 0.1328125 0.6502347417840375
0 0.3703125 0.45774647887323944 0.090625 0.2699530516431925
0 0.53359375 0.5223004694835681 0.08125 0.3380281690140845
0 0.71015625 0.6302816901408451 0.2078125 0.7394366197183099
0 0.44140625 0.4518779342723005 0.0671875 0.16666666666666666
0 0.82890625 0.5469483568075117 0.084375 0.36619718309859156
0 0.91171875 0.42018779342723006 0.040625 0.18779342723004694
0 0.9078125 0.5786384976525821 0.1109375 0.5046948356807511
0 0.6234375 0.3884976525821596 0.0640625 0.07746478873239436
0 0.7828125 0.4788732394366197 0.059375 0.2652582159624413