0 0.5125 0.6451990632318502 0.1265625 0.6463700234192038
0 0.63046875 0.6381733021077284 0.1359375 0.6721311475409836
0 0.75546875 0.5679156908665105 0.1671875 0.819672131147541
0 0.90703125 0.45901639344262296 0.1421875 0.477751756440281
0 0.965625 0.3793911007025761 0.06875 0.17096018735362997
0 0.965625 0.2529274004683841 0.06875 0.3044496487119438
0 0.40703125 0.6100702576112412 0.115625 0.6721311475409836
0 0.28515625 0.607728337236534 0.1796875 0.7330210772833724
0 0.68359375 0.3009367681498829 0.0296875 0.05152224824355972
0 0.1421875 0.6159250585480094 0.15625 0.7283372365339579
0 0.61484375 0.27634660421545665 0.08125 0.20843091334894615
0 0.8515625 0.32786885245901637 0.0609375 0.3231850117096019
0 0.209375 0.25878220140515223 0.0859375 0.2857142857142857
