0 0.34921875 0.5901639344262295 0.1546875 0.7915690866510539
0 0.096875 0.6042154566744731 0.140625 0.639344262295082
0 0.47421875 0.4601873536299766 0.0625 0.41451990632318503
0 0.2609375 0.5292740046838408 0.06875 0.49414519906323184
0 0.1703125 0.46252927400468385 0.0921875 0.41451990632318503
0 0.40078125 0.373536299765808 0.0625 0.14988290398126464
0 0.02890625 0.3407494145199063 0.028125 0.08665105386416862
0 0.209375 0.3395784543325527 0.021875 0.05152224824355972
0 0.74609375 0.36065573770491804 0.053125 0.1288056206088993
0 0.13828125 0.33840749414519905 0.0203125 0.0585480093676815
