0 0.4013333333333333 0.451 0.17866666666666667 0.2
0 0.512 0.354 0.032 0.034
0 0.3506666666666667 0.343 0.021333333333333333 0.04
0 0.7146666666666667 0.417 0.06666666666666667 0.132
0 0.6506666666666666 0.392 0.050666666666666665 0.09
0 0.5933333333333334 0.408 0.042666666666666665 0.086
0 0.5 0.407 0.048 0.052
0 0.6946666666666667 0.403 0.042666666666666665 0.118
0 0.7693333333333333 0.405 0.042666666666666665 0.124
0 0.46266666666666667 0.335 0.029333333333333333 0.044
0 0.5573333333333333 0.382 0.037333333333333336 0.084
0 0.43866666666666665 0.34 0.018666666666666668 0.042
0 0.5213333333333333 0.396 0.04533333333333334 0.092