0 0.44823529411764707 0.56171875 0.28705882352941176 0.5890625
0 0.72 0.35078125 0.047058823529411764 0.0796875
0 0.5729411764705883 0.35234375 0.042352941176470586 0.0875
0 0.8070588235294117 0.30390625 0.01647058823529412 0.03125
0 0.5988235294117648 0.36015625 0.03058823529411765 0.09375
0 0.15058823529411763 0.37890625 0.08235294117647059 0.1109375
0 0.86 0.3125 0.021176470588235293 0.0484375
0 0.8988235294117647 0.3078125 0.01647058823529412 0.0390625
0 0.7858823529411765 0.3328125 0.03764705882352941 0.034375
0 0.831764705882353 0.33046875 0.018823529411764704 0.01875
0 0.35764705882352943 0.34140625 0.047058823529411764 0.0625
0 0.5211764705882352 0.3328125 0.03764705882352941 0.0390625
0 0.7917647058823529 0.29765625 0.021176470588235293 0.0359375