0 0.58515625 0.5447058823529412 0.19375 0.23294117647058823
0 0.96953125 0.08352941176470588 0.053125 0.16705882352941176
0 0.26796875 0.5811764705882353 0.10625 0.2541176470588235
0 0.17109375 0.23176470588235293 0.0734375 0.14352941176470588
0 0.096875 0.25058823529411767 0.059375 0.10823529411764705
0 0.8015625 0.10235294117647059 0.0609375 0.17882352941176471
0 0.9140625 0.08823529411764706 0.0625 0.16941176470588235
0 0.34140625 0.611764705882353 0.096875 0.1952941176470588
0 0.50625 0.18470588235294116 0.046875 0.10352941176470588
0 0.540625 0.17647058823529413 0.0515625 0.10588235294117647
0 0.6078125 0.16705882352941176 0.05625 0.1011764705882353
0 0.6515625 0.1635294117647059 0.0421875 0.0988235294117647
0 0.4546875 0.19058823529411764 0.0546875 0.10823529411764705
