0 0.68984375 0.13864042933810375 0.053125 0.08407871198568873
0 0.16953125 0.44364937388193204 0.3390625 0.5581395348837209
0 0.10625 0.25313059033989266 0.2125 0.3112701252236136
0 0.9109375 0.37119856887298747 0.178125 0.44543828264758495
0 0.2515625 0.16279069767441862 0.09375 0.13595706618962433
0 0.5734375 0.5778175313059034 0.7484375 0.8443649373881932
0 0.8671875 0.2146690518783542 0.084375 0.18604651162790697
0 0.73984375 0.12880143112701253 0.0578125 0.07692307692307693
0 0.64609375 0.10822898032200358 0.0625 0.06082289803220036
0 0.3609375 0.590339892665474 0.49375 0.7942754919499105
0 0.61171875 0.28354203935599287 0.134375 0.3148479427549195
0 0.3265625 0.19946332737030412 0.1046875 0.2110912343470483
0 0.809375 0.13327370304114491 0.078125 0.1413237924865832
