0 0.91328125 0.5026315789473684 0.1734375 0.41578947368421054
0 0.37734375 0.21578947368421053 0.0359375 0.18157894736842106
0 0.41875 0.20921052631578949 0.0359375 0.15789473684210525
0 0.48515625 0.24605263157894736 0.0578125 0.12368421052631579
0 0.45703125 0.2513157894736842 0.03125 0.1
0 0.33984375 0.20394736842105263 0.0484375 0.16052631578947368
0 0.44140625 0.21052631578947367 0.0140625 0.07105263157894737
0 0.65390625 0.24868421052631579 0.040625 0.12105263157894737
0 0.80625 0.5368421052631579 0.1234375 0.4842105263157895
0 0.28671875 0.15921052631578947 0.03125 0.10263157894736842
