0 0.6046875 0.49895833333333334 0.0546875 0.15833333333333333
0 0.27890625 0.571875 0.109375 0.3
0 0.49609375 0.5260416666666666 0.0390625 0.0875
0 0.53359375 0.48333333333333334 0.0203125 0.0375
0 0.54375 0.540625 0.03125 0.06041666666666667
0 0.684375 0.4239583333333333 0.0109375 0.029166666666666667
0 0.6609375 0.3885416666666667 0.009375 0.025
0 0.784375 0.4 0.009375 0.0375
0 0.54140625 0.5041666666666667 0.01875 0.0375
0 0.70625 0.40729166666666666 0.0125 0.035416666666666666
0 0.64296875 0.434375 0.0078125 0.03333333333333333
0 0.57890625 0.43645833333333334 0.0078125 0.03333333333333333
0 0.67109375 0.42291666666666666 0.0140625 0.029166666666666667