0 0.681 0.5494505494505495 0.11 0.34065934065934067
0 0.247 0.5521978021978022 0.072 0.13186813186813187
0 0.992 0.5164835164835165 0.016 0.12087912087912088
0 0.974 0.4793956043956044 0.016 0.09065934065934066
0 0.954 0.5206043956043956 0.024 0.11538461538461539
0 0.181 0.5535714285714286 0.052 0.11813186813186813
0 0.919 0.49175824175824173 0.04 0.17582417582417584
0 0.564 0.48626373626373626 0.038 0.09340659340659341
0 0.608 0.5851648351648352 0.128 0.3543956043956044
0 0.839 0.5164835164835165 0.04 0.17032967032967034
0 0.887 0.4725274725274725 0.026 0.15934065934065933
0 0.332 0.5467032967032966 0.052 0.12362637362637363
0 0.803 0.49862637362637363 0.044 0.07417582417582418
