0 0.046948356807511735 0.484375 0.0539906103286385 0.1421875
0 0.795774647887324 0.503125 0.09154929577464789 0.1859375
0 0.4225352112676056 0.50234375 0.4671361502347418 0.325
0 0.5305164319248826 0.50546875 0.09859154929577464 0.14375
0 0.09154929577464789 0.48671875 0.07746478873239436 0.1265625
0 0.8427230046948356 0.49296875 0.05868544600938967 0.0921875
0 0.6854460093896714 0.5046875 0.09389671361502347 0.078125
0 0.43896713615023475 0.51328125 0.07276995305164319 0.0828125
0 0.6455399061032864 0.51015625 0.08450704225352113 0.0625
0 0.8814553990610329 0.53984375 0.025821596244131457 0.0171875
0 0.7875586854460094 0.425 0.07276995305164319 0.0796875
0 0.9401408450704225 0.52421875 0.03286384976525822 0.0515625
0 0.5598591549295775 0.52265625 0.0892018779342723 0.08125