0 0.378125 0.57265625 0.75625 0.8265625
0 0.0017607645833333334 0.00048760937500000003 0.0006451395833333334 0.000965259375
0 0.0017720062499999999 0.0007935421875 0.0006226562500000001 0.000716284375
0 0.8677083333333333 0.58046875 0.07916666666666666 0.30625
0 0.7125 0.65390625 0.5083333333333333 0.44375
0 0.640625 0.4859375 0.15833333333333333 0.2796875
0 0.7333333333333333 0.4828125 0.07708333333333334 0.1203125
0 0.8010416666666667 0.4890625 0.15208333333333332 0.103125
0 0.8229166666666666 0.475 0.03333333333333333 0.0484375
0 0.675 0.57421875 0.052083333333333336 0.065625
