0 0.353125 0.5604166666666667 0.0546875 0.19791666666666666
0 0.390625 0.5708333333333333 0.0625 0.225
0 0.6875 0.6729166666666667 0.090625 0.29375
0 0.4609375 0.490625 0.0359375 0.1375
0 0.496875 0.49895833333333334 0.0234375 0.12708333333333333
0 0.7328125 0.6052083333333333 0.0640625 0.225
0 0.7671875 0.56875 0.05625 0.20833333333333334
0 0.8484375 0.5552083333333333 0.0546875 0.14375
0 0.6078125 0.49583333333333335 0.0453125 0.1375
0 0.85 0.771875 0.1234375 0.43333333333333335
0 0.39375 0.43645833333333334 0.0265625 0.052083333333333336
0 0.984375 0.665625 0.03125 0.10416666666666667
0 0.41875 0.5208333333333334 0.03125 0.11666666666666667
