0 0.59453125 0.446875 0.184375 0.5604166666666667
0 0.28984375 0.5916666666666667 0.309375 0.8166666666666667
0 0.88359375 0.6697916666666667 0.2328125 0.6354166666666666
0 0.7140625 0.34479166666666666 0.0890625 0.4395833333333333
0 0.50546875 0.23854166666666668 0.0703125 0.13125
0 0.384375 0.296875 0.0578125 0.22083333333333333
0 0.31328125 0.23229166666666667 0.0703125 0.14791666666666667
0 0.3796875 0.215625 0.0921875 0.20833333333333334
0 0.434375 0.22291666666666668 0.075 0.11666666666666667
0 0.34765625 0.4239583333333333 0.140625 0.39791666666666664
