0 0.515625 0.5211267605633803 0.0640625 0.11267605633802817
0 0.53984375 0.4765258215962441 0.0265625 0.03755868544600939
0 0.91328125 0.5023474178403756 0.046875 0.13380281690140844
0 0.2765625 0.4894366197183099 0.0109375 0.03990610328638498
0 0.265625 0.4847417840375587 0.0078125 0.03051643192488263
0 0.69453125 0.4765258215962441 0.0125 0.03051643192488263
0 0.71015625 0.4847417840375587 0.0125 0.03990610328638498
0 0.04765625 0.4788732394366197 0.0140625 0.03755868544600939
0 0.18671875 0.5011737089201878 0.028125 0.06572769953051644
0 0.1265625 0.47300469483568075 0.0140625 0.023474178403755867
