0 0.3828125 0.4485759493670886 0.0078125 0.0189873417721519
0 0.2765625 0.4501582278481013 0.00625 0.014240506329113924
0 0.7109375 0.5134493670886076 0.028125 0.03481012658227848
0 0.521875 0.495253164556962 0.0125 0.01740506329113924
0 0.915625 0.46914556962025317 0.0296875 0.04113924050632911
0 0.503125 0.49604430379746833 0.034375 0.03164556962025317
0 0.540625 0.47151898734177217 0.00625 0.012658227848101266
0 0.50390625 0.4572784810126582 0.0046875 0.0189873417721519
0 0.68125 0.46044303797468356 0.01875 0.014240506329113924
0 0.778125 0.48575949367088606 0.0078125 0.014240506329113924
0 0.48203125 0.4509493670886076 0.0046875 0.012658227848101266
