0 0.504 0.4880239520958084 0.068 0.48502994011976047
0 0.783 0.4940119760479042 0.034 0.39520958083832336
0 0.161 0.49101796407185627 0.052 0.4550898203592814
0 0.338 0.4880239520958084 0.476 0.46706586826347307
0 0.263 0.4041916167664671 0.044 0.2694610778443114
0 0.326 0.2964071856287425 0.014 0.08982035928143713
0 0.343 0.30538922155688625 0.016 0.05389221556886228
0 0.067 0.47604790419161674 0.064 0.4431137724550898
0 0.684 0.3712574850299401 0.056 0.32335329341317365
0 0.625 0.3383233532934132 0.036 0.24550898203592814
0 0.596 0.47904191616766467 0.074 0.5449101796407185