0 0.9510416666666667 0.38828125 0.09791666666666667 0.2390625
0 0.0375 0.33828125 0.06666666666666667 0.1140625
0 0.24895833333333334 0.35703125 0.08541666666666667 0.10625
0 0.33958333333333335 0.33046875 0.03333333333333333 0.09375
0 0.375 0.33046875 0.04791666666666667 0.1046875
0 0.29583333333333334 0.3078125 0.04583333333333333 0.05
0 0.740625 0.340625 0.06875 0.1578125
0 0.9135416666666667 0.44375 0.17083333333333334 0.0453125
0 0.19375 0.334375 0.04583333333333333 0.1078125
0 0.23333333333333334 0.3015625 0.027083333333333334 0.0296875
0 0.8479166666666667 0.3453125 0.08333333333333333 0.1609375
0 0.43333333333333335 0.31875 0.029166666666666667 0.071875
0 0.7166666666666667 0.33515625 0.029166666666666667 0.1015625