0 0.5421875 0.5916666666666667 0.2078125 0.5645833333333333
0 0.771875 0.5833333333333334 0.3265625 0.5729166666666666
0 0.26640625 0.5208333333333334 0.2265625 0.93125
0 0.16015625 0.6166666666666667 0.3203125 0.7479166666666667
0 0.0014497078125 0.00103754375 0.0002255859375 0.00072586875
0 0.40234375 0.42916666666666664 0.146875 0.2125
0 0.50859375 0.44895833333333335 0.0734375 0.1625
0 0.34609375 0.4166666666666667 0.034375 0.0625
0 0.69375 0.43125 0.084375 0.16666666666666666
0 0.8515625 0.40625 0.028125 0.06041666666666667
0 0.95703125 0.3770833333333333 0.0546875 0.09583333333333334
0 0.634375 0.39895833333333336 0.034375 0.0625
