0 0.47578125 0.4572025052192067 0.1015625 0.26931106471816285
0 0.959375 0.5553235908141962 0.0640625 0.23173277661795408
0 0.31953125 0.5626304801670147 0.0328125 0.20041753653444677
0 0.25 0.5083507306889353 0.0328125 0.09603340292275574
0 0.53671875 0.4154488517745303 0.0734375 0.14613778705636743
0 0.23203125 0.46555323590814196 0.028125 0.05219206680584551
0 0.22578125 0.5198329853862212 0.0265625 0.07933194154488518
0 0.1953125 0.5553235908141962 0.0375 0.15031315240083507
0 0.02578125 0.535490605427975 0.03125 0.15031315240083507
0 0.27421875 0.5417536534446764 0.028125 0.1544885177453027
0 0.92421875 0.5386221294363257 0.0359375 0.19624217118997914
0 0.28984375 0.55741127348643 0.034375 0.14613778705636743