0 0.5117096018735363 0.5984375 0.11007025761124122 0.1390625
0 0.22131147540983606 0.63125 0.1522248243559719 0.246875
0 0.09601873536299765 0.6296875 0.1358313817330211 0.2
0 0.9355971896955504 0.67578125 0.1288056206088993 0.3625
0 0.6756440281030445 0.5703125 0.03278688524590164 0.0703125
0 0.6206088992974239 0.56171875 0.02810304449648712 0.0625
0 0.6463700234192038 0.56796875 0.03278688524590164 0.0625
0 0.30210772833723654 0.5828125 0.03981264637002342 0.121875
0 0.572599531615925 0.57578125 0.06088992974238876 0.0984375
0 0.3372365339578454 0.59375 0.0585480093676815 0.109375
0 0.775175644028103 0.63671875 0.117096018735363 0.2578125
0 0.3981264637002342 0.59296875 0.0351288056206089 0.08125