0 0.40625 0.503125 0.2625 0.5979166666666667
0 0.75390625 0.534375 0.4828125 0.93125
0 0.92421875 0.24479166666666666 0.1078125 0.175
0 0.8921875 0.19270833333333334 0.0359375 0.04791666666666667
0 0.315625 0.13958333333333334 0.0140625 0.04791666666666667
0 0.36640625 0.11770833333333333 0.0125 0.04583333333333333
0 0.346875 0.11979166666666667 0.0109375 0.04583333333333333
0 0.70078125 0.190625 0.015625 0.03958333333333333
0 0.57421875 0.115625 0.00625 0.020833333333333332
0 0.35703125 0.1125 0.0125 0.03333333333333333
