0 0.397 0.4653333333333333 0.784 0.888
0 0.086 0.448 0.146 0.2826666666666667
0 0.226 0.364 0.076 0.11733333333333333
0 0.703 0.376 0.116 0.176
0 0.711 0.2986666666666667 0.026 0.09066666666666667
0 0.762 0.3586666666666667 0.078 0.21866666666666668
0 0.85 0.2946666666666667 0.058 0.19733333333333333
0 0.893 0.31733333333333336 0.04 0.13866666666666666
0 0.819 0.3 0.038 0.184
0 0.285 0.37466666666666665 0.042 0.072
0 0.205 0.4 0.074 0.09066666666666667
0 0.922 0.2786666666666667 0.054 0.104
0 0.919 0.49466666666666664 0.156 0.9733333333333334