0 0.28125 0.3524590163934426 0.1359375 0.40046838407494145
0 0.29765625 0.6873536299765808 0.0546875 0.2459016393442623
0 0.3375 0.6627634660421545 0.065625 0.23653395784543327
0 0.50546875 0.6908665105386417 0.08125 0.2388758782201405
0 0.57734375 0.7049180327868853 0.090625 0.2529274004683841
0 0.61015625 0.6908665105386417 0.05 0.234192037470726
0 0.69296875 0.6627634660421545 0.071875 0.23653395784543327
0 0.7984375 0.6861826697892272 0.078125 0.11943793911007025
0 0.83984375 0.6814988290398126 0.071875 0.20608899297423888
0 0.55703125 0.6522248243559718 0.0375 0.22014051522248243
0 0.721875 0.6967213114754098 0.0609375 0.2154566744730679
