0 0.19921875 0.396875 0.0109375 0.0375
0 0.21796875 0.39895833333333336 0.0171875 0.04375
0 0.23984375 0.39479166666666665 0.0140625 0.029166666666666667
0 0.37890625 0.3885416666666667 0.0171875 0.0375
0 0.17578125 0.39895833333333336 0.015625 0.04375
0 0.51484375 0.4041666666666667 0.0234375 0.0375
0 0.63359375 0.4010416666666667 0.0375 0.0625
0 0.10390625 0.4010416666666667 0.0125 0.04375
0 0.2109375 0.3854166666666667 0.0078125 0.014583333333333334
0 0.271875 0.390625 0.00625 0.022916666666666665
0 0.29609375 0.39375 0.00625 0.027083333333333334
0 0.08828125 0.3885416666666667 0.0171875 0.03125
