0 0.4625 0.5837264150943396 0.3 0.6202830188679245
0 0.7921875 0.6992924528301887 0.2859375 0.37264150943396224
0 0.001455371875 0.0014921627358490566 0.00021425781249999998 0.001222688679245283
0 0.90703125 0.6167452830188679 0.0609375 0.11320754716981132
0 0.6390625 0.6863207547169812 0.134375 0.3278301886792453
0 0.60078125 0.33490566037735847 0.09375 0.2028301886792453
0 0.65703125 0.3290094339622642 0.06875 0.23820754716981132
0 0.7125 0.2983490566037736 0.0859375 0.2971698113207547
0 0.66640625 0.16981132075471697 0.05625 0.10141509433962265
0 0.75 0.47287735849056606 0.0890625 0.1580188679245283
0 0.27578125 0.41627358490566035 0.078125 0.12264150943396226
0 0.06171875 0.05660377358490566 0.0703125 0.10377358490566038
0 0.3859375 0.3278301886792453 0.0859375 0.16273584905660377
