0 0.6578125 0.319672131147541 0.1453125 0.37236533957845436
0 0.59375 0.2388758782201405 0.140625 0.46604215456674475
0 0.45234375 0.1756440281030445 0.109375 0.34660421545667447
0 0.5234375 0.5339578454332553 0.1875 0.6416861826697893
0 0.15 0.21779859484777517 0.134375 0.4309133489461358
0 0.38203125 0.3126463700234192 0.1296875 0.5409836065573771
0 0.27734375 0.21311475409836064 0.10625 0.4215456674473068
0 0.001502759375 0.0002663583138173302 0.0001194828125 0.00027801405152224826
0 0.8765625 0.08782201405152225 0.1125 0.1756440281030445
0 0.13125 0.2224824355971897 0.090625 0.4449648711943794
0 0.7546875 0.2529274004683841 0.109375 0.5058548009367682