0 0.1046875 0.7458333333333333 0.0421875 0.15555555555555556
0 0.328125 0.7208333333333333 0.015625 0.044444444444444446
0 0.3609375 0.7347222222222223 0.0171875 0.041666666666666664
0 0.27734375 0.6708333333333333 0.0640625 0.2
0 0.2984375 0.7333333333333333 0.0140625 0.06944444444444445
0 0.3390625 0.6333333333333333 0.0046875 0.025
0 0.325 0.6319444444444444 0.0046875 0.019444444444444445
0 0.4890625 0.7152777777777778 0.0125 0.030555555555555555
0 0.58984375 0.6708333333333333 0.0046875 0.011111111111111112
0 0.66015625 0.6375 0.0046875 0.016666666666666666
0 0.45 0.6625 0.0109375 0.03611111111111111
