0 0.94921875 0.403125 0.1015625 0.2875
0 0.52890625 0.43020833333333336 0.0234375 0.1375
0 0.4421875 0.4125 0.0390625 0.15208333333333332
0 0.509375 0.42291666666666666 0.04375 0.14375
0 0.3328125 0.4166666666666667 0.0390625 0.12291666666666666
0 0.24609375 0.4197916666666667 0.0515625 0.10208333333333333
0 0.74296875 0.4625 0.0765625 0.10625
0 0.6265625 0.45416666666666666 0.0640625 0.09583333333333334
0 0.64296875 0.40625 0.0296875 0.14583333333333334
0 0.7265625 0.3802083333333333 0.090625 0.17083333333333334
0 0.36328125 0.42604166666666665 0.03125 0.10833333333333334
0 0.67109375 0.4 0.0515625 0.1625