0 0.72109375 0.5728346456692913 0.109375 0.7007874015748031
0 0.48515625 0.5216535433070866 0.1328125 0.7322834645669292
0 0.3609375 0.5118110236220472 0.0984375 0.7362204724409449
0 0.053125 0.2440944881889764 0.0421875 0.29133858267716534
0 0.1421875 0.18503937007874016 0.0515625 0.24015748031496062
0 0.121875 0.1594488188976378 0.0546875 0.2677165354330709
0 0.775 0.3425196850393701 0.040625 0.2952755905511811
0 0.63203125 0.20669291338582677 0.0390625 0.12598425196850394
0 0.2046875 0.15748031496062992 0.01875 0.13385826771653545
0 0.753125 0.08464566929133858 0.03125 0.1377952755905512
0 0.06796875 0.08464566929133858 0.040625 0.1377952755905512
0 0.4015625 0.22440944881889763 0.028125 0.06692913385826772
0 0.1609375 0.1515748031496063 0.01875 0.15354330708661418