0 0.945 0.6456456456456456 0.11 0.6906906906906907
0 0.883 0.6966966966966966 0.072 0.5675675675675675
0 0.659 0.7927927927927928 0.13 0.4084084084084084
0 0.844 0.466966966966967 0.034 0.06306306306306306
0 0.565 0.6411411411411412 0.076 0.44744744744744747
0 0.425 0.6366366366366366 0.132 0.5075075075075075
0 0.514 0.6156156156156156 0.074 0.43543543543543545
0 0.25 0.575075075075075 0.118 0.5225225225225225
0 0.916 0.45345345345345345 0.018 0.02702702702702703
0 0.287 0.44294294294294295 0.044 0.14414414414414414
0 0.398 0.6126126126126126 0.08 0.4114114114114114
0 0.677 0.6576576576576577 0.152 0.5855855855855856
0 0.809 0.6876876876876877 0.208 0.6186186186186187
