0 0.3578125 0.7136150234741784 0.2984375 0.5727699530516432
0 0.5375 0.721830985915493 0.18125 0.5563380281690141
0 0.771875 0.75 0.2203125 0.5
0 0.9390625 0.8532863849765259 0.053125 0.19248826291079812
0 0.10625 0.8356807511737089 0.040625 0.14084507042253522
0 0.18984375 0.8192488262910798 0.0375 0.16666666666666666
0 0.1578125 0.8004694835680751 0.025 0.07746478873239436
0 0.34453125 0.49413145539906106 0.3921875 0.45305164319248825
0 0.125 0.8215962441314554 0.03125 0.15492957746478872
0 0.72890625 0.812206572769953 0.046875 0.10093896713615023
0 0.0421875 0.8004694835680751 0.0203125 0.06103286384976526
0 0.6890625 0.8098591549295775 0.0359375 0.11032863849765258
0 0.61328125 0.8380281690140845 0.0765625 0.323943661971831