0 0.4375 0.5774058577405857 0.05 0.16317991631799164
0 0.459375 0.40376569037656906 0.0234375 0.0397489539748954
0 0.43515625 0.38284518828451886 0.0125 0.05230125523012552
0 0.20859375 0.4581589958158996 0.03125 0.043933054393305436
0 0.79765625 0.3807531380753138 0.034375 0.06903765690376569
0 0.83203125 0.40376569037656906 0.0109375 0.027196652719665274
0 0.43671875 0.9016736401673641 0.19375 0.19665271966527198
0 0.85 0.9194560669456067 0.103125 0.1401673640167364
0 0.71953125 0.8817991631799164 0.1171875 0.23640167364016737
0 0.27109375 0.9205020920502092 0.134375 0.1589958158995816
0 0.653125 0.9225941422594143 0.1640625 0.1506276150627615
0 0.2359375 0.39435146443514646 0.021875 0.03556485355648536
0 0.90859375 0.40794979079497906 0.021875 0.043933054393305436