0 0.275 0.4059701492537313 0.15 0.2865671641791045
0 0.583 0.5970149253731343 0.098 0.208955223880597
0 0.649 0.5940298507462687 0.03 0.11641791044776119
0 0.028 0.6104477611940299 0.026 0.14328358208955225
0 0.869 0.5865671641791045 0.03 0.11940298507462686
0 0.191 0.4537313432835821 0.07 0.20298507462686566
0 0.075 0.6149253731343284 0.036 0.14029850746268657
0 0.109 0.6179104477611941 0.032 0.12835820895522387
0 0.462 0.5955223880597015 0.028 0.1253731343283582
0 0.51 0.5880597014925373 0.038 0.14925373134328357
0 0.781 0.5865671641791045 0.034 0.10149253731343283
0 0.886 0.5895522388059702 0.018 0.11641791044776119
0 0.826 0.6208955223880597 0.036 0.056716417910447764