0 0.734375 0.5957943925233645 0.1875 0.5560747663551402
0 0.6359375 0.616822429906542 0.225 0.5327102803738317
0 0.52578125 0.6308411214953271 0.1796875 0.5280373831775701
0 0.35703125 0.669392523364486 0.359375 0.5794392523364486
0 0.2578125 0.5105140186915887 0.1390625 0.75
0 0.453125 0.26635514018691586 0.134375 0.3364485981308411
0 0.57265625 0.45093457943925236 0.140625 0.7336448598130841
0 0.103125 0.8317757009345794 0.196875 0.31542056074766356
0 0.13671875 0.9228971962616822 0.1875 0.15186915887850466
0 0.984375 0.8691588785046729 0.03125 0.25934579439252337
0 0.33515625 0.4848130841121495 0.13125 0.7663551401869159