0 0.42734375 0.5322916666666667 0.009375 0.035416666666666666
0 0.4703125 0.565625 0.0140625 0.10416666666666667
0 0.55625 0.54375 0.0421875 0.09375
0 0.45546875 0.55 0.015625 0.0625
0 0.43359375 0.5104166666666666 0.009375 0.027083333333333334
0 0.290625 0.5375 0.0171875 0.06458333333333334
0 0.3171875 0.546875 0.0203125 0.07291666666666667
0 0.39375 0.5520833333333334 0.021875 0.058333333333333334
0 0.45078125 0.5125 0.01875 0.029166666666666667
0 0.3734375 0.5447916666666667 0.01875 0.06875
0 0.32890625 0.5427083333333333 0.009375 0.035416666666666666
0 0.48125 0.5135416666666667 0.00625 0.022916666666666665
0 0.4828125 0.553125 0.0171875 0.058333333333333334
