0 0.59765625 0.5091116173120729 0.5015625 0.9066059225512528
0 0.12578125 0.6002277904328018 0.2515625 0.5216400911161732
0 0.2296875 0.37585421412300685 0.0515625 0.10022779043280182
0 0.1 0.30182232346241455 0.059375 0.08656036446469248
0 0.1125 0.30296127562642367 0.121875 0.19362186788154898
0 0.28125 0.3804100227790433 0.0625 0.09339407744874716
0 0.3640625 0.37471526195899774 0.0671875 0.09567198177676538
0 0.40703125 0.34054669703872437 0.0734375 0.16173120728929385
0 0.85078125 0.4715261958997722 0.1234375 0.30068337129840544
0 0.06328125 0.36560364464692485 0.0640625 0.1275626423690205
0 0.95703125 0.48291571753986334 0.0859375 0.27107061503416857
0 0.71328125 0.34851936218678814 0.08125 0.15261958997722094
