0 0.717 0.9053333333333333 0.066 0.18666666666666668
0 0.789 0.9266666666666666 0.068 0.14666666666666667
0 0.669 0.9226666666666666 0.064 0.152
0 0.852 0.9226666666666666 0.082 0.15466666666666667
0 0.758 0.9133333333333333 0.052 0.17333333333333334
0 0.537 0.936 0.066 0.12533333333333332
0 0.454 0.932 0.08 0.136
0 0.881 0.8373333333333334 0.018 0.06933333333333333
0 0.46 0.8733333333333333 0.022 0.058666666666666666
0 0.972 0.9293333333333333 0.026 0.13866666666666666
0 0.891 0.8386666666666667 0.008 0.06933333333333333
