0 0.57265625 0.5460122699386503 0.2015625 0.45194274028629855
0 0.1140625 0.6267893660531697 0.184375 0.43149284253578735
0 0.2390625 0.46830265848670755 0.0875 0.261758691206544
0 0.4953125 0.47443762781186094 0.0671875 0.2822085889570552
0 0.4390625 0.5143149284253579 0.0578125 0.24335378323108384
0 0.9484375 0.5143149284253579 0.0421875 0.08793456032719836
0 0.0390625 0.5132924335378323 0.0375 0.130879345603272
0 0.3796875 0.5255623721881391 0.1390625 0.4233128834355828
0 0.15703125 0.4120654396728016 0.1453125 0.34355828220858897
0 0.63828125 0.5531697341513292 0.1234375 0.3537832310838446
0 0.7484375 0.6196319018404908 0.0796875 0.18813905930470348
0 0.98125 0.5153374233128835 0.0328125 0.09611451942740286
0 0.91171875 0.49693251533742333 0.01875 0.05725971370143149