0 0.437 0.4954954954954955 0.28 0.9039039039039038
0 0.922 0.5570570570570571 0.12 0.24924924924924924
0 0.681 0.4039039039039039 0.068 0.3063063063063063
0 0.821 0.4144144144144144 0.068 0.2732732732732733
0 0.228 0.4594594594594595 0.24 0.8588588588588588
0 0.732 0.41291291291291293 0.052 0.27627627627627627
0 0.583 0.4189189189189189 0.08 0.29429429429429427
0 0.091 0.5780780780780781 0.092 0.29429429429429427
0 0.956 0.42342342342342343 0.078 0.23123123123123124
0 0.072 0.6456456456456456 0.144 0.2822822822822823
0 0.486 0.3483483483483483 0.064 0.24324324324324326
0 0.529 0.3768768768768769 0.044 0.2072072072072072