0 0.24765625 0.5541666666666667 0.14375 0.61875
0 0.45625 0.49166666666666664 0.0703125 0.3229166666666667
0 0.92578125 0.4895833333333333 0.0625 0.33958333333333335
0 0.615625 0.4822916666666667 0.05625 0.27708333333333335
0 0.67734375 0.5125 0.1578125 0.525
0 0.840625 0.4583333333333333 0.0578125 0.3541666666666667
0 0.96484375 0.49270833333333336 0.0703125 0.4791666666666667
0 0.55703125 0.46458333333333335 0.0796875 0.31875
0 0.73125 0.38333333333333336 0.0390625 0.13541666666666666
0 0.2140625 0.20416666666666666 0.028125 0.075
0 0.9390625 0.328125 0.0734375 0.12916666666666668
0 0.75078125 0.490625 0.0484375 0.34375
