0 0.3359375 0.6784232365145229 0.39375 0.6161825726141079
0 0.42734375 0.5228215767634855 0.0671875 0.12448132780082988
0 0.7609375 0.6659751037344398 0.1609375 0.475103734439834
0 0.0013339359375 0.0015773879668049794 0.00045712968750000004 0.0009463941908713693
0 0.5890625 0.6307053941908713 0.1265625 0.34439834024896265
0 0.70703125 0.5072614107883817 0.0453125 0.08921161825726141
0 0.7890625 0.4854771784232365 0.053125 0.1037344398340249
0 0.92109375 0.6192946058091287 0.1296875 0.34647302904564314
0 0.49296875 0.5674273858921162 0.065625 0.23443983402489627
0 0.05390625 0.5860995850622407 0.1015625 0.3091286307053942
0 0.6453125 0.5466804979253111 0.0953125 0.2074688796680498
0 0.1609375 0.5695020746887967 0.084375 0.22614107883817428
0 0.54140625 0.5300829875518672 0.04375 0.16804979253112035
