0 0.48515625 0.62421875 0.9171875 0.7234375
0 0.496875 0.37421875 0.0171875 0.046875
0 0.465625 0.38359375 0.0171875 0.0484375
0 0.87421875 0.63828125 0.240625 0.1359375
0 0.0921875 0.4484375 0.05 0.0453125
0 0.24921875 0.33671875 0.0140625 0.0359375
0 0.05 0.51484375 0.0875 0.0703125
0 0.55234375 0.53828125 0.0484375 0.075
0 0.59453125 0.525 0.0484375 0.0703125
0 0.04921875 0.41328125 0.040625 0.0234375
0 0.04609375 0.39140625 0.0125 0.0125
0 0.67734375 0.40859375 0.0296875 0.059375
0 0.48125 0.51875 0.04375 0.065625