0 0.48671875 0.6381733021077284 0.315625 0.5807962529274004
0 0.34296875 0.5 0.11875 0.4426229508196721
0 0.1484375 0.47423887587822017 0.1 0.4098360655737705
0 0.17578125 0.275175644028103 0.0453125 0.09133489461358314
0 0.284375 0.275175644028103 0.04375 0.07259953161592506
0 0.36484375 0.22014051522248243 0.0328125 0.09836065573770492
0 0.4578125 0.2154566744730679 0.0546875 0.12646370023419204
0 0.4921875 0.17447306791569087 0.0578125 0.13817330210772832
0 0.5421875 0.24824355971896955 0.0859375 0.1522248243559719
0 0.6609375 0.1557377049180328 0.0453125 0.117096018735363
0 0.25234375 0.31030444964871196 0.0578125 0.11007025761124122
0 0.6265625 0.41100702576112413 0.059375 0.08665105386416862
0 0.18359375 0.16276346604215455 0.040625 0.13114754098360656