0 0.703 0.6762886597938145 0.106 0.30103092783505153
0 0.795 0.668041237113402 0.11 0.29896907216494845
0 0.884 0.6762886597938145 0.072 0.2536082474226804
0 0.659 0.6845360824742268 0.068 0.18969072164948453
0 0.52 0.8134020618556701 0.084 0.09896907216494845
0 0.639 0.7494845360824742 0.052 0.1402061855670103
0 0.855 0.6639175257731958 0.048 0.24536082474226803
0 0.952 0.6371134020618556 0.034 0.06391752577319587
0 0.571 0.7896907216494845 0.054 0.12989690721649486
0 0.838 0.7 0.026 0.1154639175257732
0 0.924 0.6494845360824743 0.026 0.05567010309278351
0 0.345 0.8391752577319588 0.22 0.06391752577319587
