0 0.69921875 0.29651162790697677 0.2984375 0.5627906976744186
0 0.21875 0.14302325581395348 0.2109375 0.26976744186046514
0 0.45546875 0.07209302325581396 0.0765625 0.13488372093023257
0 0.890625 0.1744186046511628 0.075 0.34418604651162793
0 0.4890625 0.4127906976744186 0.359375 0.7651162790697674
0 0.1671875 0.09651162790697675 0.0734375 0.1930232558139535
0 0.384375 0.06279069767441861 0.0765625 0.12093023255813953
0 0.62890625 0.11976744186046512 0.075 0.23953488372093024
0 0.50234375 0.1325581395348837 0.0640625 0.2651162790697674
0 0.04921875 0.10697674418604651 0.090625 0.21395348837209302
