0 0.42917547568710357 0.39666666666666667 0.23044397463002114 0.5183333333333333
0 0.6754756871035941 0.3625 0.06342494714587738 0.22833333333333333
0 0.9207188160676533 0.37333333333333335 0.0824524312896406 0.23
0 0.8181818181818182 0.3933333333333333 0.18181818181818182 0.41333333333333333
0 0.16807610993657504 0.37833333333333335 0.12684989429175475 0.3516666666666667
0 0.10465116279069768 0.29 0.07399577167019028 0.145
0 0.06025369978858351 0.3875 0.08456659619450317 0.21166666666666667
0 0.30021141649048627 0.37833333333333335 0.14587737843551796 0.31166666666666665
0 0.7357293868921776 0.375 0.07822410147991543 0.245
0 0.6152219873150105 0.36583333333333334 0.07822410147991543 0.20666666666666667
0 0.5782241014799154 0.36083333333333334 0.08456659619450317 0.20666666666666667
0 0.3562367864693446 0.29833333333333334 0.05708245243128964 0.21333333333333335
0 0.2568710359408034 0.255 0.046511627906976744 0.04