0 0.87890625 0.4047058823529412 0.1703125 0.43058823529411766
0 0.79765625 0.2411764705882353 0.1265625 0.2635294117647059
0 0.58828125 0.37411764705882355 0.15625 0.33176470588235296
0 0.6 0.11411764705882353 0.134375 0.22588235294117648
0 0.29140625 0.19647058823529412 0.128125 0.39294117647058824
0 0.36953125 0.4682352941176471 0.1390625 0.21176470588235294
0 0.453125 0.7094117647058824 0.1484375 0.46588235294117647
0 0.9 0.7176470588235294 0.1828125 0.3247058823529412
0 0.1125 0.6058823529411764 0.103125 0.3129411764705882
0 0.21953125 0.7482352941176471 0.2328125 0.43058823529411766
