0 0.3359375 0.4894366197183099 0.4796875 0.4624413145539906
0 0.3234375 0.24295774647887325 0.071875 0.32629107981220656
0 0.48984375 0.13028169014084506 0.0890625 0.20657276995305165
0 0.4984375 0.3427230046948357 0.0703125 0.392018779342723
0 0.59921875 0.33568075117370894 0.0984375 0.4671361502347418
0 0.76796875 0.32981220657276994 0.1 0.47417840375586856
0 0.89375 0.29460093896713613 0.109375 0.31690140845070425
0 0.19453125 0.20422535211267606 0.084375 0.20892018779342722
0 0.13671875 0.3086854460093897 0.0765625 0.43661971830985913
0 0.06015625 0.31338028169014087 0.0859375 0.4460093896713615
0 0.66953125 0.4413145539906103 0.1578125 0.2699530516431925
0 0.09375 0.1396713615023474 0.0453125 0.0892018779342723
0 0.38359375 0.41431924882629106 0.078125 0.16666666666666666