0 0.9296875 0.36065573770491804 0.0203125 0.04449648711943794
0 0.36953125 0.3840749414519906 0.021875 0.053864168618266976
0 0.2953125 0.38875878220140514 0.0203125 0.05152224824355972
0 0.7890625 0.3840749414519906 0.0328125 0.06791569086651054
0 0.3234375 0.3840749414519906 0.0234375 0.04918032786885246
0 0.8234375 0.37236533957845436 0.03125 0.07494145199063232
0 0.33359375 0.382903981264637 0.0140625 0.04918032786885246
0 0.215625 0.3875878220140515 0.0171875 0.04918032786885246
0 0.128125 0.39227166276346603 0.028125 0.053864168618266976
0 0.6109375 0.3711943793911007 0.0171875 0.0234192037470726
0 0.25234375 0.38173302107728335 0.01875 0.03747072599531616
0 0.0703125 0.3864168618266979 0.015625 0.02576112412177986