0 0.621875 0.2791666666666667 0.0296875 0.14722222222222223
0 0.3390625 0.45694444444444443 0.1609375 0.5138888888888888
0 0.571875 0.24861111111111112 0.0203125 0.08888888888888889
0 0.253125 0.30694444444444446 0.04375 0.17777777777777778
0 0.8921875 0.2111111111111111 0.01875 0.06111111111111111
0 0.92578125 0.17916666666666667 0.0140625 0.05277777777777778
0 0.8546875 0.2388888888888889 0.01875 0.09166666666666666
0 0.2 0.30416666666666664 0.0359375 0.18611111111111112
0 0.5390625 0.28194444444444444 0.0234375 0.14722222222222223
0 0.81171875 0.2569444444444444 0.0375 0.10833333333333334
0 0.584375 0.2833333333333333 0.025 0.13333333333333333