0 0.39609375 0.38229166666666664 0.1046875 0.23541666666666666
0 0.6125 0.6802083333333333 0.0328125 0.10625
0 0.709375 0.7125 0.04375 0.13125
0 0.64375 0.6729166666666667 0.028125 0.1
0 0.9546875 0.9270833333333334 0.0234375 0.04583333333333333
0 0.93203125 0.8604166666666667 0.0328125 0.05625
0 0.67265625 0.38333333333333336 0.04375 0.15
0 0.60078125 0.8166666666666667 0.0625 0.11875
0 0.66796875 0.8072916666666666 0.0609375 0.125
0 0.54140625 0.840625 0.053125 0.09791666666666667
0 0.96015625 0.88125 0.0171875 0.052083333333333336
0 0.88046875 0.828125 0.0390625 0.075
0 0.7921875 0.853125 0.034375 0.041666666666666664