0 0.14453125 0.7928870292887029 0.2734375 0.4100418410041841
0 0.271875 0.6642259414225942 0.2046875 0.3305439330543933
0 0.32890625 0.5878661087866108 0.1515625 0.25313807531380755
0 0.38828125 0.5094142259414226 0.1109375 0.21338912133891214
0 0.48046875 0.5878661087866108 0.1421875 0.25313807531380755
0 0.6109375 0.5334728033472803 0.6671875 0.9330543933054394
0 0.82109375 0.37447698744769875 0.1578125 0.28451882845188287
0 0.7453125 0.21652719665271966 0.0453125 0.058577405857740586
0 0.1453125 0.4089958158995816 0.00625 0.014644351464435146
0 0.74453125 0.303347280334728 0.059375 0.1297071129707113
0 0.9234375 0.16108786610878661 0.153125 0.32217573221757323
0 0.421875 0.448744769874477 0.028125 0.06485355648535565
0 0.8046875 0.21443514644351463 0.05 0.07112970711297072