0 0.08515625 0.5966735966735967 0.1671875 0.5945945945945946
0 0.1984375 0.47713097713097713 0.1046875 0.3367983367983368
0 0.48203125 0.4625779625779626 0.09375 0.2785862785862786
0 0.56953125 0.43451143451143454 0.1078125 0.2494802494802495
0 0.66328125 0.5945945945945946 0.1 0.5426195426195426
0 0.78984375 0.5748440748440748 0.1203125 0.5114345114345115
0 0.3734375 0.4760914760914761 0.053125 0.2702702702702703
0 0.96171875 0.6278586278586279 0.0765625 0.5488565488565489
0 0.37578125 0.44282744282744285 0.0703125 0.288981288981289
0 0.103125 0.4677754677754678 0.1078125 0.3596673596673597
0 0.14609375 0.47713097713097713 0.0703125 0.3284823284823285
0 0.2734375 0.6185031185031185 0.1640625 0.6153846153846154
