0 0.240625 0.6966759002770083 0.040625 0.16897506925207756
0 0.70859375 0.7867036011080333 0.0640625 0.19667590027700832
0 0.82421875 0.7368421052631579 0.0484375 0.1329639889196676
0 0.80546875 0.6759002770083102 0.04375 0.15512465373961218
0 0.2515625 0.17174515235457063 0.009375 0.024930747922437674
0 0.596875 0.1883656509695291 0.0125 0.027700831024930747
0 0.44296875 0.5221606648199446 0.0234375 0.0443213296398892
0 0.86796875 0.23684210526315788 0.0125 0.024930747922437674
0 0.2640625 0.5761772853185596 0.040625 0.11080332409972299
0 0.346875 0.5263157894736842 0.0203125 0.04155124653739612
0 0.16875 0.5872576177285319 0.03125 0.0886426592797784
0 0.21015625 0.5637119113573407 0.0234375 0.04986149584487535
0 0.8359375 0.5831024930747922 0.0375 0.11357340720221606