0 0.17265625 0.346875 0.00625 0.027083333333333334
0 0.39921875 0.346875 0.0140625 0.04791666666666667
0 0.3515625 0.3416666666666667 0.009375 0.010416666666666666
0 0.28125 0.34791666666666665 0.0140625 0.025
0 0.26640625 0.34791666666666665 0.0140625 0.025
0 0.25234375 0.340625 0.0109375 0.010416666666666666
0 0.2171875 0.34375 0.009375 0.016666666666666666
0 0.20546875 0.3416666666666667 0.00625 0.01875
0 0.29296875 0.34791666666666665 0.0109375 0.027083333333333334
0 0.259375 0.340625 0.00625 0.010416666666666666
0 0.371875 0.35208333333333336 0.009375 0.04375
0 0.1171875 0.340625 0.009375 0.014583333333333334
0 0.19921875 0.34375 0.00625 0.0125