0 0.44375 0.33828125 0.04791666666666667 0.0515625
0 0.28020833333333334 0.41953125 0.2125 0.190625
0 0.10520833333333333 0.4171875 0.17083333333333334 0.203125
0 0.19270833333333334 0.35234375 0.08125 0.0859375
0 0.35833333333333334 0.3875 0.125 0.1484375
0 0.4875 0.35625 0.11666666666666667 0.1109375
0 0.3927083333333333 0.325 0.029166666666666667 0.0296875
0 0.5895833333333333 0.61796875 0.2875 0.64375
0 0.42604166666666665 0.321875 0.016666666666666666 0.034375
0 0.3229166666666667 0.33203125 0.03125 0.0484375
0 0.9052083333333333 0.37734375 0.016666666666666666 0.0625
0 0.796875 0.36484375 0.04583333333333333 0.0734375
