0 0.36171875 0.6150234741784038 0.121875 0.4154929577464789
0 0.525 0.5633802816901409 0.059375 0.33568075117370894
0 0.6078125 0.5868544600938967 0.0921875 0.38497652582159625
0 0.69453125 0.5575117370892019 0.078125 0.3004694835680751
0 0.765625 0.5434272300469484 0.1015625 0.3732394366197183
0 0.85859375 0.5516431924882629 0.0921875 0.31220657276995306
0 0.33828125 0.5669014084507042 0.053125 0.3004694835680751
0 0.9328125 0.5223004694835681 0.06875 0.25821596244131456
0 0.98359375 0.5117370892018779 0.0328125 0.06338028169014084
0 0.121875 0.4694835680751174 0.034375 0.09624413145539906
0 0.190625 0.44366197183098594 0.0546875 0.15023474178403756
0 0.08671875 0.534037558685446 0.078125 0.3028169014084507
0 0.025 0.4847417840375587 0.046875 0.14553990610328638