0 0.1140625 0.8395784543325527 0.1421875 0.297423887587822
0 0.175 0.8548009367681498 0.021875 0.04918032786885246
0 0.03203125 0.7552693208430913 0.0640625 0.17096018735362997
0 0.01171875 0.6861826697892272 0.0234375 0.0936768149882904
0 0.340625 0.9519906323185011 0.0390625 0.09601873536299765
0 0.2921875 0.9250585480093677 0.0171875 0.05152224824355972
0 0.2 0.8735362997658079 0.034375 0.08665105386416862
0 0.259375 0.9004683840749415 0.015625 0.01873536299765808
0 0.02578125 0.7681498829039812 0.05 0.10070257611241218
0 0.371875 0.9742388758782201 0.01875 0.04918032786885246
0 0.30234375 0.9332552693208431 0.0203125 0.04918032786885246
0 0.21875 0.8758782201405152 0.01875 0.03747072599531616
0 0.0625 0.7669789227166276 0.0484375 0.1053864168618267