0 0.38203125 0.7589285714285714 0.06875 0.21205357142857142
0 0.28515625 0.7689732142857143 0.0609375 0.21428571428571427
0 0.55625 0.7544642857142857 0.0234375 0.07366071428571429
0 0.421875 0.6808035714285714 0.0109375 0.03571428571428571
0 0.3359375 0.6897321428571429 0.0140625 0.029017857142857144
0 0.29375 0.6584821428571429 0.0109375 0.013392857142857142
0 0.12421875 0.6808035714285714 0.0125 0.03125
0 0.20859375 0.6629464285714286 0.0046875 0.029017857142857144
0 0.43203125 0.6852678571428571 0.009375 0.03794642857142857
0 0.3 0.6819196428571429 0.009375 0.044642857142857144
0 0.53359375 0.7578125 0.0375 0.08705357142857142
0 0.125 0.6607142857142857 0.0109375 0.024553571428571428