0 0.5921875 0.7392638036809815 0.0375 0.10020449897750511
0 0.740625 0.7137014314928425 0.015625 0.06339468302658487
0 0.871875 0.7004089979550102 0.01875 0.05521472392638037
0 0.7625 0.7167689161554193 0.021875 0.06952965235173825
0 0.12265625 0.7157464212678937 0.0109375 0.034764826175869123
0 0.1265625 0.7106339468302658 0.0046875 0.024539877300613498
0 0.20078125 0.7106339468302658 0.0109375 0.034764826175869123
0 0.20546875 0.7137014314928425 0.0046875 0.024539877300613498
0 0.0984375 0.7157464212678937 0.0171875 0.053169734151329244
0 0.13125 0.8936605316973415 0.1046875 0.1554192229038855
0 0.21484375 0.8957055214723927 0.0765625 0.1492842535787321