0 0.14285714285714285 0.92578125 0.07962529274004684 0.1484375
0 0.7868852459016393 0.975 0.08899297423887588 0.05
0 0.7985948477751756 0.77421875 0.0351288056206089 0.053125
0 0.6709601873536299 0.690625 0.01639344262295082 0.040625
0 0.6604215456674473 0.690625 0.01405152224824356 0.040625
0 0.41451990632318503 0.709375 0.0234192037470726 0.0265625
0 0.6288056206088993 0.68984375 0.0234192037470726 0.040625
0 0.4812646370023419 0.68046875 0.0234192037470726 0.0484375
0 0.26346604215456676 0.7359375 0.0351288056206089 0.05
0 0.9742388758782201 0.72109375 0.01639344262295082 0.015625
0 0.3149882903981265 0.70703125 0.01639344262295082 0.021875
0 0.14285714285714285 0.70859375 0.02576112412177986 0.0484375
0 0.20140515222482436 0.71484375 0.02107728337236534 0.021875