0 0.28828125 0.8528301886792453 0.0671875 0.2509433962264151
0 0.23984375 0.7830188679245284 0.059375 0.21509433962264152
0 0.24921875 0.6396226415094339 0.0453125 0.16037735849056603
0 0.1015625 0.5867924528301887 0.0609375 0.1792452830188679
0 0.0796875 0.8660377358490566 0.075 0.2358490566037736
0 0.409375 0.659433962264151 0.04375 0.19245283018867926
0 0.48828125 0.6679245283018868 0.0484375 0.18679245283018867
0 0.59140625 0.6924528301886792 0.06875 0.15660377358490565
0 0.35390625 0.6405660377358491 0.065625 0.2169811320754717
0 0.78984375 0.8254716981132075 0.0890625 0.24150943396226415
0 0.8265625 0.680188679245283 0.0515625 0.18679245283018867
0 0.68359375 0.8150943396226416 0.05625 0.22452830188679246