0 0.5083333333333333 0.62421875 0.2625 0.14375
0 0.9385416666666667 0.74609375 0.025 0.065625
0 0.9166666666666666 0.74609375 0.0375 0.0640625
0 0.3958333333333333 0.7734375 0.029166666666666667 0.0484375
0 0.696875 0.7125 0.020833333333333332 0.028125
0 0.7833333333333333 0.7140625 0.0125 0.015625
0 0.7375 0.721875 0.035416666666666666 0.05
0 0.653125 0.75390625 0.04791666666666667 0.04375
0 0.046875 0.7296875 0.0375 0.0765625
0 0.30416666666666664 0.7546875 0.05 0.028125
0 0.6947916666666667 0.75390625 0.03125 0.046875
0 0.6375 0.75078125 0.025 0.0375
0 0.7958333333333333 0.7265625 0.029166666666666667 0.0375