0 0.55625 0.4875 0.2359375 0.58125
0 0.42265625 0.365625 0.1875 0.40208333333333335
0 0.36484375 0.3489583333333333 0.059375 0.24583333333333332
0 0.2515625 0.2947916666666667 0.0890625 0.14583333333333334
0 0.1796875 0.28541666666666665 0.0453125 0.07916666666666666
0 0.3171875 0.32395833333333335 0.0359375 0.16458333333333333
0 0.7640625 0.2947916666666667 0.046875 0.052083333333333336
0 0.32890625 0.284375 0.025 0.09166666666666666
0 0.27578125 0.25104166666666666 0.0171875 0.03125
0 0.90234375 0.2833333333333333 0.0296875 0.08125
0 0.20625 0.3145833333333333 0.0296875 0.11666666666666667
0 0.128125 0.28229166666666666 0.025 0.04791666666666667
0 0.228125 0.25833333333333336 0.0234375 0.0375
