0 0.356 0.5466666666666666 0.308 0.8773333333333333
0 0.134 0.5373333333333333 0.262 0.904
0 0.64 0.5946666666666667 0.296 0.7893333333333333
0 0.673 0.292 0.136 0.2826666666666667
0 0.848 0.35333333333333333 0.07 0.24533333333333332
0 0.513 0.5613333333333334 0.134 0.7973333333333333
0 0.249 0.30133333333333334 0.05 0.10933333333333334
0 0.232 0.3626666666666667 0.068 0.15733333333333333
0 0.308 0.356 0.014 0.034666666666666665
0 0.462 0.33866666666666667 0.04 0.050666666666666665
0 0.299 0.35333333333333333 0.072 0.10666666666666667
