0 0.48203125 0.49671772428884026 0.2328125 0.5579868708971554
0 0.03515625 0.12582056892778992 0.05 0.1487964989059081
0 0.20234375 0.10284463894967177 0.01875 0.07439824945295405
0 0.62421875 0.1389496717724289 0.0078125 0.037199124726477024
0 0.696875 0.1575492341356674 0.0234375 0.061269146608315096
0 0.4765625 0.16849015317286653 0.0140625 0.045951859956236324
0 0.65703125 0.13785557986870897 0.0125 0.0350109409190372
0 0.6015625 0.12910284463894967 0.009375 0.037199124726477024
0 0.42578125 0.14442013129102846 0.0140625 0.04157549234135667
0 0.4375 0.1575492341356674 0.015625 0.05470459518599562
0 0.93046875 0.1936542669584245 0.034375 0.030634573304157548
0 0.9171875 0.1739606126914661 0.0265625 0.037199124726477024
0 0.765625 0.09518599562363239 0.0078125 0.037199124726477024