0 0.06328125 0.5010416666666667 0.1265625 0.45
0 0.1453125 0.47291666666666665 0.115625 0.30416666666666664
0 0.18359375 0.42604166666666665 0.0953125 0.21666666666666667
0 0.36484375 0.4322916666666667 0.03125 0.12708333333333333
0 0.39921875 0.42083333333333334 0.040625 0.13333333333333333
0 0.4296875 0.4197916666666667 0.0390625 0.12291666666666666
0 0.2859375 0.45625 0.0484375 0.23541666666666666
0 0.6625 0.58125 0.215625 0.51875
0 0.7515625 0.47604166666666664 0.090625 0.28125
0 0.23984375 0.39375 0.025 0.10625
0 0.2671875 0.4270833333333333 0.0328125 0.13958333333333334
0 0.3265625 0.43020833333333336 0.0359375 0.14583333333333334
0 0.6 0.3927083333333333 0.0671875 0.07708333333333334