0 0.84140625 0.43125 0.090625 0.1875
0 0.81484375 0.33958333333333335 0.009375 0.04791666666666667
0 0.84296875 0.4322916666666667 0.0859375 0.18541666666666667
0 0.696875 0.4166666666666667 0.0109375 0.025
0 0.4796875 0.4166666666666667 0.0046875 0.01875
0 0.47265625 0.41875 0.00625 0.020833333333333332
0 0.45546875 0.41770833333333335 0.00625 0.01875
0 0.53046875 0.4166666666666667 0.009375 0.029166666666666667
0 0.5671875 0.4125 0.0078125 0.025
0 0.5765625 0.428125 0.009375 0.0125
0 0.54921875 0.4041666666666667 0.0046875 0.016666666666666666
0 0.46484375 0.4166666666666667 0.0046875 0.01875
0 0.55546875 0.41875 0.00625 0.016666666666666666