0 0.53671875 0.4964871194379391 0.2796875 0.5714285714285714
0 0.87265625 0.3758782201405152 0.046875 0.2810304449648712
0 0.17578125 0.3875878220140515 0.040625 0.10304449648711944
0 0.2046875 0.3548009367681499 0.034375 0.15456674473067916
0 0.32890625 0.3805620608899297 0.04375 0.1990632318501171
0 0.240625 0.38173302107728335 0.0453125 0.17096018735362997
0 0.9703125 0.3770491803278688 0.0296875 0.13348946135831383
0 0.05625 0.4098360655737705 0.071875 0.2646370023419204
0 0.36328125 0.3618266978922717 0.0390625 0.1686182669789227
0 0.6265625 0.34894613583138173 0.0421875 0.1686182669789227
0 0.13671875 0.35011709601873536 0.0421875 0.1522248243559719