0 0.15390625 0.17395833333333333 0.09375 0.1875
0 0.115625 0.32395833333333335 0.1609375 0.2875
0 0.471875 0.14270833333333333 0.0203125 0.03958333333333333
0 0.50625 0.18645833333333334 0.0484375 0.14375
0 0.4046875 0.171875 0.0546875 0.13125
0 0.5484375 0.14375 0.0359375 0.06458333333333334
0 0.24765625 0.18229166666666666 0.0390625 0.14166666666666666
0 0.640625 0.13333333333333333 0.0328125 0.03125
0 0.32421875 0.17395833333333333 0.034375 0.14166666666666666
0 0.59765625 0.128125 0.0484375 0.04791666666666667
0 0.10625 0.14895833333333333 0.04375 0.13333333333333333
0 0.040625 0.14479166666666668 0.0171875 0.058333333333333334
0 0.01640625 0.175 0.0296875 0.12083333333333333
