0 0.51875 0.715625 0.178125 0.49166666666666664
0 0.12421875 0.5739583333333333 0.0390625 0.11041666666666666
0 0.2640625 0.63125 0.0703125 0.22708333333333333
0 0.31796875 0.64375 0.0765625 0.26458333333333334
0 0.3921875 0.6072916666666667 0.0828125 0.20625
0 0.42890625 0.6791666666666667 0.1046875 0.36666666666666664
0 0.91796875 0.51875 0.0765625 0.17083333333333334
0 0.790625 0.5208333333333334 0.046875 0.10833333333333334
0 0.8609375 0.5208333333333334 0.04375 0.12291666666666666
0 0.95703125 0.540625 0.05625 0.1125
0 0.35859375 0.5458333333333333 0.0328125 0.06458333333333334
0 0.71875 0.4979166666666667 0.015625 0.025
0 0.25078125 0.6135416666666667 0.0421875 0.18958333333333333
