0 0.1765625 0.625 0.353125 0.7458333333333333
0 0.22890625 0.41354166666666664 0.215625 0.5083333333333333
0 0.871875 0.44166666666666665 0.25625 0.6729166666666667
0 0.6875 0.24375 0.08125 0.20208333333333334
0 0.49140625 0.07708333333333334 0.0671875 0.1125
0 0.57734375 0.12916666666666668 0.0609375 0.075
0 0.58359375 0.12083333333333333 0.04375 0.08958333333333333
0 0.18046875 0.13541666666666666 0.0921875 0.09375
0 0.3515625 0.353125 0.1828125 0.39791666666666664
0 0.77109375 0.315625 0.125 0.2833333333333333
0 0.28984375 0.11354166666666667 0.0546875 0.0875
0 0.08046875 0.121875 0.05625 0.10625
0 0.390625 0.24270833333333333 0.1390625 0.2625