0 0.0609375 0.46041666666666664 0.0453125 0.16458333333333333
0 0.25859375 0.8885416666666667 0.1609375 0.21875
0 0.54296875 0.89375 0.134375 0.19166666666666668
0 0.64609375 0.9458333333333333 0.1171875 0.10833333333333334
0 0.884375 0.903125 0.121875 0.19375
0 0.196875 0.471875 0.0453125 0.06458333333333334
0 0.92421875 0.44583333333333336 0.0515625 0.06875
0 0.43359375 0.9645833333333333 0.09375 0.07083333333333333
0 0.0828125 0.8864583333333333 0.165625 0.22708333333333333
0 0.96328125 0.9479166666666666 0.0734375 0.10208333333333333
