0 0.405 0.6413333333333333 0.016 0.04533333333333334
0 0.608 0.7026666666666667 0.074 0.48533333333333334
0 0.662 0.7506666666666667 0.08 0.39466666666666667
0 0.933 0.712 0.134 0.45066666666666666
0 0.524 0.6386666666666667 0.014 0.048
0 0.142 0.7253333333333334 0.114 0.47733333333333333
0 0.365 0.7213333333333334 0.104 0.48
0 0.242 0.7293333333333333 0.156 0.4666666666666667
0 0.065 0.728 0.052 0.14666666666666667
0 0.042 0.6573333333333333 0.014 0.05333333333333334
0 0.802 0.7266666666666667 0.166 0.42933333333333334
0 0.448 0.7173333333333334 0.13 0.5013333333333333
0 0.433 0.7053333333333334 0.022 0.07733333333333334
