0 0.328125 0.5121951219512195 0.0734375 0.3829268292682927
0 0.36328125 0.5036585365853659 0.0484375 0.32439024390243903
0 0.8 0.49634146341463414 0.0390625 0.23414634146341465
0 0.403125 0.5048780487804878 0.0453125 0.2707317073170732
0 0.428125 0.5146341463414634 0.0328125 0.23170731707317074
0 0.24453125 0.5219512195121951 0.071875 0.3439024390243902
0 0.20234375 0.5548780487804879 0.0921875 0.4073170731707317
0 0.1453125 0.6085365853658536 0.084375 0.3853658536585366
0 0.95234375 0.5097560975609756 0.0953125 0.5878048780487805
0 0.27578125 0.5195121951219512 0.0625 0.3048780487804878
0 0.83828125 0.501219512195122 0.0796875 0.25121951219512195
0 0.0859375 0.5487804878048781 0.084375 0.5609756097560976
0 0.1703125 0.401219512195122 0.0390625 0.1048780487804878
