0 0.178125 0.7194835680751174 0.0515625 0.13849765258215962
0 0.3109375 0.6549295774647887 0.0375 0.11971830985915492
0 0.384375 0.647887323943662 0.028125 0.10328638497652583
0 0.2640625 0.653755868544601 0.0265625 0.11032863849765258
0 0.43671875 0.6302816901408451 0.0125 0.056338028169014086
0 0.478125 0.6255868544600939 0.01875 0.06338028169014084
0 0.6390625 0.6502347417840375 0.0265625 0.11502347417840375
0 0.8109375 0.6654929577464789 0.0203125 0.051643192488262914
0 0.42890625 0.6467136150234741 0.0109375 0.051643192488262914
0 0.609375 0.6326291079812206 0.0125 0.06103286384976526
0 0.57109375 0.6161971830985915 0.0125 0.025821596244131457
0 0.415625 0.6373239436619719 0.0171875 0.07042253521126761
0 0.7828125 0.6772300469483568 0.05 0.09154929577464789