0 0.6859375 0.629976580796253 0.2640625 0.7400468384074942
0 0.234375 0.6381733021077284 0.228125 0.6370023419203747
0 0.0265625 0.5526932084309133 0.0515625 0.2857142857142857
0 0.05703125 0.5398126463700235 0.0859375 0.4309133489461358
0 0.534375 0.5925058548009368 0.178125 0.47306791569086654
0 0.775 0.3864168618266979 0.0578125 0.1592505854800937
0 0.91796875 0.41100702576112413 0.0453125 0.13817330210772832
0 0.86953125 0.43208430913348944 0.0390625 0.20140515222482436
0 0.38046875 0.4953161592505855 0.0734375 0.3114754098360656
0 0.31328125 0.45550351288056207 0.0625 0.1990632318501171
0 0.6421875 0.41217798594847777 0.0296875 0.13817330210772832
0 0.28125 0.4426229508196721 0.025 0.1358313817330211
0 0.84375 0.34894613583138173 0.0109375 0.02810304449648712