0 0.25078125 0.7333333333333333 0.2671875 0.5125
0 0.46640625 0.503125 0.0265625 0.05416666666666667
0 0.80546875 0.7427083333333333 0.1125 0.5145833333333333
0 0.84453125 0.553125 0.0671875 0.18333333333333332
0 0.38515625 0.6989583333333333 0.11875 0.49583333333333335
0 0.515625 0.5083333333333333 0.0046875 0.014583333333333334
0 0.39296875 0.6552083333333333 0.1 0.41875
0 0.59140625 0.53125 0.0125 0.022916666666666665
0 0.571875 0.5239583333333333 0.0109375 0.022916666666666665
0 0.7265625 0.6822916666666666 0.1015625 0.41875
0 0.0001336796875 0.0014378479166666665 0.00026735781250000003 0.0012909729166666667
