0 0.39052287581699346 0.4803921568627451 0.03594771241830065 0.12091503267973856
0 0.30310457516339867 0.47630718954248363 0.027777777777777776 0.07352941176470588
0 0.5473856209150327 0.5179738562091504 0.06862745098039216 0.19934640522875818
0 0.24918300653594772 0.4795751633986928 0.016339869281045753 0.07679738562091504
0 0.1772875816993464 0.48284313725490197 0.021241830065359478 0.09803921568627451
0 0.09803921568627451 0.46895424836601307 0.027777777777777776 0.058823529411764705
0 0.9681372549019608 0.5204248366013072 0.058823529411764705 0.19444444444444445
0 0.35049019607843135 0.47630718954248363 0.02287581699346405 0.0915032679738562
0 0.31862745098039214 0.47058823529411764 0.021241830065359478 0.0718954248366013
0 0.272875816993464 0.47794117647058826 0.029411764705882353 0.07679738562091504
0 0.15931372549019607 0.48447712418300654 0.03104575163398693 0.09967320261437909
0 0.125 0.4812091503267974 0.03104575163398693 0.09640522875816994
0 0.1977124183006536 0.4534313725490196 0.016339869281045753 0.0392156862745098