0 0.8109375 0.4625 0.378125 0.35833333333333334
0 0.3390625 0.334375 0.0375 0.07083333333333333
0 0.415625 0.3260416666666667 0.0203125 0.0375
0 0.60234375 0.33229166666666665 0.025 0.03958333333333333
0 0.4375 0.33229166666666665 0.015625 0.03333333333333333
0 0.45546875 0.328125 0.025 0.04583333333333333
0 0.01328125 0.61875 0.0265625 0.14166666666666666
0 0.58828125 0.3302083333333333 0.0328125 0.041666666666666664
0 0.36640625 0.31875 0.034375 0.0625
0 0.62578125 0.3302083333333333 0.01875 0.041666666666666664
0 0.6 0.303125 0.0171875 0.01875
0 0.8796875 0.321875 0.0203125 0.03125
0 0.40078125 0.3333333333333333 0.015625 0.041666666666666664