0 0.79921875 0.3875878220140515 0.065625 0.18969555035128804
0 0.52109375 0.4449648711943794 0.078125 0.3747072599531616
0 0.15234375 0.468384074941452 0.0859375 0.4215456674473068
0 0.584375 0.7786885245901639 0.2875 0.3911007025761124
0 0.2015625 0.3946135831381733 0.01875 0.08196721311475409
0 0.271875 0.5374707259953162 0.153125 0.7306791569086651
0 0.44453125 0.43676814988290397 0.065625 0.30679156908665106
0 0.58984375 0.36885245901639346 0.059375 0.16159250585480095
0 0.02890625 0.382903981264637 0.015625 0.06557377049180328
0 0.9109375 0.4344262295081967 0.0328125 0.1288056206088993
0 0.94921875 0.4765807962529274 0.0671875 0.2716627634660422
0 0.3328125 0.2892271662763466 0.046875 0.1053864168618267
0 0.98671875 0.3770491803278688 0.0265625 0.15690866510538642
