0 0.4342105263157895 0.50703125 0.37894736842105264 0.2921875
0 0.9486842105263158 0.3921875 0.07631578947368421 0.1015625
0 0.43157894736842106 0.1453125 0.04736842105263158 0.0328125
0 0.09736842105263158 0.08828125 0.05 0.046875
0 0.3526315789473684 0.146875 0.06315789473684211 0.0453125
0 0.15394736842105264 0.1390625 0.039473684210526314 0.0203125
0 0.8710526315789474 0.13359375 0.04736842105263158 0.04375
0 0.6144736842105263 0.03515625 0.05526315789473684 0.0390625
0 0.6605263157894737 0.03203125 0.02894736842105263 0.028125
0 0.6986842105263158 0.03515625 0.05789473684210526 0.0328125
