0 0.49583333333333335 0.36875 0.775 0.728125
0 0.1125 0.2546875 0.1625 0.1890625
0 0.23645833333333333 0.28203125 0.10208333333333333 0.0796875
0 0.035416666666666666 0.225 0.06666666666666667 0.21875
0 0.7572916666666667 0.2421875 0.09166666666666666 0.103125
0 0.83125 0.23828125 0.06666666666666667 0.071875
0 0.24583333333333332 0.20546875 0.027083333333333334 0.0265625
0 0.284375 0.2046875 0.025 0.0234375
0 0.2625 0.20234375 0.027083333333333334 0.0265625
0 0.28958333333333336 0.19609375 0.029166666666666667 0.0359375
