0 0.4046875 0.5217391304347826 0.1296875 0.597254004576659
0 0.28984375 0.5411899313501144 0.1078125 0.4279176201372998
0 0.4921875 0.5594965675057209 0.1921875 0.7208237986270023
0 0.84921875 0.34096109839816935 0.05625 0.2517162471395881
0 0.9515625 0.37299771167048057 0.0640625 0.2837528604118993
0 0.75 0.34210526315789475 0.0515625 0.07780320366132723
0 0.58125 0.2997711670480549 0.0296875 0.12814645308924486
0 0.60078125 0.33867276887871856 0.040625 0.18764302059496568
0 0.45390625 0.2917620137299771 0.0234375 0.13501144164759726
0 0.2171875 0.2585812356979405 0.01875 0.08009153318077804
0 0.2875 0.2894736842105263 0.034375 0.08695652173913043
