0 0.304 0.556 0.108 0.36
0 0.203 0.6026666666666667 0.072 0.184
0 0.214 0.4693333333333333 0.014 0.04533333333333334
0 0.093 0.46 0.012 0.048
0 0.065 0.4653333333333333 0.01 0.02666666666666667
0 0.046 0.45466666666666666 0.012 0.050666666666666665
0 0.051 0.5813333333333334 0.026 0.08533333333333333
0 0.144 0.49733333333333335 0.014 0.04
0 0.416 0.6706666666666666 0.082 0.17333333333333334
0 0.238 0.43066666666666664 0.01 0.04
0 0.178 0.49333333333333335 0.012 0.02666666666666667
0 0.019 0.4746666666666667 0.012 0.05333333333333334
0 0.084 0.5746666666666667 0.026 0.10133333333333333