0 0.215 0.4444444444444444 0.026 0.15015015015015015
0 0.211 0.4264264264264264 0.036 0.17717717717717718
0 0.022 0.8078078078078078 0.044 0.2042042042042042
0 0.188 0.25075075075075076 0.026 0.14114114114114115
0 0.209 0.23873873873873874 0.02 0.1021021021021021
0 0.234 0.23873873873873874 0.024 0.0960960960960961
0 0.296 0.1966966966966967 0.018 0.11711711711711711
0 0.259 0.26126126126126126 0.012 0.13213213213213212
0 0.138 0.27627627627627627 0.03 0.12612612612612611
0 0.333 0.23273273273273273 0.026 0.1021021021021021
0 0.353 0.15765765765765766 0.008 0.09009009009009009
0 0.3 0.14864864864864866 0.016 0.07207207207207207
0 0.407 0.04354354354354354 0.024 0.08408408408408409