0 0.164 0.2747747747747748 0.018 0.0990990990990991
0 0.816 0.26426426426426425 0.012 0.10510510510510511
0 0.888 0.25825825825825827 0.03 0.03903903903903904
0 0.821 0.15465465465465467 0.012 0.02702702702702703
0 0.673 0.21171171171171171 0.008 0.024024024024024024
0 0.965 0.11711711711711711 0.006 0.021021021021021023
0 0.953 0.12762762762762764 0.012 0.02702702702702703
0 0.268 0.25825825825825827 0.02 0.04804804804804805
0 0.925 0.13963963963963963 0.018 0.036036036036036036
0 0.874 0.23123123123123124 0.016 0.024024024024024024
0 0.851 0.2747747747747748 0.038 0.14114114114114115
0 0.823 0.24624624624624625 0.012 0.05405405405405406
0 0.732 0.22672672672672672 0.014 0.021021021021021023