0 0.559375 0.5774647887323944 0.1921875 0.7464788732394366
0 0.58828125 0.33098591549295775 0.115625 0.596244131455399
0 0.32421875 0.17136150234741784 0.11875 0.2863849765258216
0 0.23046875 0.18896713615023475 0.1109375 0.29577464788732394
0 0.08828125 0.215962441314554 0.1390625 0.3004694835680751
0 0.04296875 0.09154929577464789 0.0515625 0.18309859154929578
0 0.3265625 0.08333333333333333 0.103125 0.16666666666666666
0 0.1875 0.1936619718309859 0.0953125 0.3615023474178404
0 0.01640625 0.22065727699530516 0.0328125 0.323943661971831
0 0.1125 0.08215962441314555 0.08125 0.1643192488262911
0 0.24375 0.06338028169014084 0.0796875 0.1267605633802817
0 0.1609375 0.06455399061032864 0.0859375 0.12910798122065728
