0 0.3864168618266979 0.81953125 0.4496487119437939 0.340625
0 0.05269320843091335 0.865625 0.00936768149882904 0.009375
0 0.5913348946135831 0.9234375 0.01405152224824356 0.0171875
0 0.6112412177985949 0.9296875 0.01639344262295082 0.0140625
0 0.629976580796253 0.9359375 0.01405152224824356 0.0234375
0 0.7259953161592506 0.959375 0.01405152224824356 0.0125
0 0.8653395784543325 0.98125 0.01639344262295082 0.01875
0 0.9695550351288056 0.98671875 0.01639344262295082 0.021875
0 0.8138173302107728 0.9578125 0.01405152224824356 0.0109375
0 0.8313817330210773 0.96171875 0.00936768149882904 0.015625
0 0.9332552693208431 0.98203125 0.01405152224824356 0.0125
0 0.6604215456674473 0.934375 0.02107728337236534 0.0140625