0 0.4421875 0.5615530303030303 0.0609375 0.13068181818181818
0 0.1953125 0.5975378787878788 0.04375 0.08522727272727272
0 0.53046875 0.5435606060606061 0.0296875 0.05303030303030303
0 0.87421875 0.6022727272727273 0.05 0.17234848484848486
0 0.80234375 0.5890151515151515 0.04375 0.1534090909090909
0 0.6375 0.6041666666666666 0.0875 0.23863636363636365
0 0.584375 0.5814393939393939 0.03125 0.0946969696969697
0 0.746875 0.5994318181818182 0.0578125 0.17234848484848486
0 0.7015625 0.5880681818181818 0.01875 0.11553030303030302
0 0.065625 0.5757575757575758 0.04375 0.2196969696969697
0 0.5140625 0.5899621212121212 0.0640625 0.13446969696969696
0 0.2375 0.6117424242424242 0.0453125 0.11363636363636363
0 0.12578125 0.6354166666666666 0.0515625 0.09848484848484848
