0 0.1640625 0.58125 0.2109375 0.8375
0 0.87578125 0.28229166666666666 0.05625 0.16458333333333333
0 0.69609375 0.22395833333333334 0.0390625 0.04583333333333333
0 0.6609375 0.20729166666666668 0.01875 0.03125
0 0.91171875 0.275 0.034375 0.10416666666666667
0 0.29296875 0.6666666666666666 0.140625 0.36875
0 0.346875 0.2552083333333333 0.01875 0.04791666666666667
0 0.38046875 0.24479166666666666 0.0171875 0.029166666666666667
0 0.2953125 0.24479166666666666 0.00625 0.008333333333333333
0 0.26953125 0.35104166666666664 0.071875 0.2375
0 0.0421875 0.4270833333333333 0.0828125 0.36041666666666666