0 0.4671875 0.5538641686182669 0.165625 0.27400468384074944
0 0.746875 0.5644028103044496 0.0953125 0.22716627634660422
0 0.67109375 0.5995316159250585 0.1453125 0.20140515222482436
0 0.64921875 0.3009367681498829 0.078125 0.2927400468384075
0 0.4765625 0.30679156908665106 0.0453125 0.10772833723653395
0 0.7140625 0.32903981264637 0.0546875 0.0702576112412178
0 0.13984375 0.30562060889929743 0.046875 0.08899297423887588
0 0.79296875 0.3325526932084309 0.04375 0.0702576112412178
0 0.42109375 0.3161592505854801 0.046875 0.07494145199063232
0 0.20234375 0.29859484777517564 0.065625 0.11241217798594848
0 0.86015625 0.33840749414519905 0.0609375 0.06557377049180328
0 0.91171875 0.3430913348946136 0.05625 0.05620608899297424
0 0.27265625 0.2693208430913349 0.053125 0.14754098360655737