0 0.8147751605995718 0.453125 0.09635974304068523 0.075
0 0.8126338329764454 0.44140625 0.042826552462526764 0.05625
0 0.9379014989293362 0.465625 0.059957173447537475 0.1078125
0 0.4539614561027837 0.4359375 0.010706638115631691 0.0140625
0 0.4132762312633833 0.4390625 0.021413276231263382 0.0203125
0 0.4400428265524625 0.4375 0.014989293361884369 0.015625
0 0.5396145610278372 0.43671875 0.017130620985010708 0.01875
0 0.7869379014989293 0.4578125 0.15417558886509636 0.06875
0 0.5021413276231264 0.43671875 0.008565310492505354 0.0171875
0 0.33190578158458245 0.4296875 0.006423982869379015 0.0078125
0 0.39079229122055675 0.43828125 0.029978586723768737 0.0171875
0 0.2740899357601713 0.42734375 0.004282655246252677 0.0078125