0 0.44921875 0.3790523690773067 0.0640625 0.1970074812967581
0 0.928125 0.3640897755610973 0.14375 0.3117206982543641
0 0.69375 0.5199501246882793 0.153125 0.6034912718204489
0 0.3078125 0.415211970074813 0.121875 0.3566084788029925
0 0.35390625 0.37032418952618457 0.0484375 0.2518703241895262
0 0.5296875 0.3740648379052369 0.075 0.16957605985037408
0 0.47265625 0.2793017456359102 0.05 0.1396508728179551
0 0.503125 0.26807980049875313 0.040625 0.16209476309226933
0 0.78828125 0.24937655860349128 0.0328125 0.0798004987531172
0 0.44375 0.2506234413965087 0.034375 0.10473815461346633
0 0.875 0.23940149625935161 0.0265625 0.06982543640897755
0 0.80859375 0.2543640897755611 0.028125 0.10972568578553615
0 0.18203125 0.4488778054862843 0.203125 0.4538653366583541