0 0.1421875 0.3176470588235294 0.0359375 0.11529411764705882
0 0.33046875 0.7058823529411765 0.1234375 0.34352941176470586
0 0.8625 0.5070588235294118 0.096875 0.19058823529411764
0 0.8609375 0.38941176470588235 0.0453125 0.10588235294117647
0 0.17265625 0.18470588235294116 0.021875 0.07294117647058823
0 0.20078125 0.18352941176470589 0.0203125 0.07058823529411765
0 0.1453125 0.7658823529411765 0.1984375 0.2964705882352941
0 0.24921875 0.18470588235294116 0.0171875 0.07529411764705882
0 0.34140625 0.14941176470588236 0.015625 0.03058823529411765
0 0.93828125 0.10352941176470588 0.0140625 0.06588235294117648
0 0.73671875 0.10352941176470588 0.0203125 0.07294117647058823
0 0.26796875 0.19176470588235295 0.0140625 0.06352941176470588
0 0.3171875 0.14352941176470588 0.0171875 0.03529411764705882
