0 0.468 0.3746268656716418 0.182 0.4955223880597015
0 0.558 0.33134328358208953 0.11 0.382089552238806
0 0.154 0.3970149253731343 0.132 0.4507462686567164
0 0.043 0.3119402985074627 0.084 0.2656716417910448
0 0.641 0.32238805970149254 0.038 0.050746268656716415
0 0.96 0.5208955223880597 0.08 0.40298507462686567
0 0.937 0.3567164179104478 0.036 0.05970149253731343
0 0.752 0.33880597014925373 0.04 0.08059701492537313
0 0.796 0.3611940298507463 0.032 0.08955223880597014
0 0.883 0.3492537313432836 0.038 0.056716417910447764
0 0.765 0.3373134328358209 0.016 0.029850746268656716
0 0.841 0.3417910447761194 0.05 0.12238805970149254