0 0.93046875 0.6229508196721312 0.1390625 0.7189695550351288
0 0.86015625 0.4566744730679157 0.025 0.06557377049180328
0 0.49921875 0.4297423887587822 0.0484375 0.16393442622950818
0 0.74140625 0.65807962529274 0.171875 0.6814988290398126
0 0.66953125 0.629976580796253 0.1109375 0.5714285714285714
0 0.8109375 0.4672131147540984 0.021875 0.08196721311475409
0 0.57265625 0.5667447306791569 0.1046875 0.5035128805620609
0 0.8484375 0.4613583138173302 0.0140625 0.05152224824355972
0 0.51875 0.5515222482435597 0.075 0.3911007025761124
0 0.82890625 0.4894613583138173 0.0203125 0.10304449648711944
0 0.54609375 0.36416861826697894 0.03125 0.0585480093676815
0 0.49375 0.41100702576112413 0.0140625 0.01405152224824356
