0 0.4359375 0.6716589861751152 0.0234375 0.11290322580645161
0 0.16171875 0.6785714285714286 0.021875 0.09907834101382489
0 0.5859375 0.6716589861751152 0.03125 0.11290322580645161
0 0.11640625 0.6797235023041475 0.0296875 0.10599078341013825
0 0.50625 0.6693548387096774 0.0296875 0.11059907834101383
0 0.9796875 0.6612903225806451 0.015625 0.07142857142857142
0 0.68515625 0.652073732718894 0.0125 0.06912442396313365
0 0.18515625 0.6866359447004609 0.0296875 0.0944700460829493
0 0.096875 0.6693548387096774 0.01875 0.06221198156682028
0 0.91328125 0.6785714285714286 0.01875 0.07373271889400922
0 0.47578125 0.6693548387096774 0.03125 0.11290322580645161
0 0.04375 0.684331797235023 0.0375 0.10829493087557604
0 0.6984375 0.6612903225806451 0.0203125 0.06912442396313365