0 0.08046875 0.6866197183098591 0.125 0.2511737089201878
0 0.5140625 0.6467136150234741 0.0890625 0.18309859154929578
0 0.77734375 0.6607981220657277 0.121875 0.13849765258215962
0 0.90625 0.6173708920187794 0.06875 0.14084507042253522
0 0.5453125 0.5903755868544601 0.025 0.09624413145539906
0 0.365625 0.5727699530516432 0.0421875 0.09389671361502347
0 0.2640625 0.5492957746478874 0.021875 0.04929577464788732
0 0.2828125 0.5915492957746479 0.0296875 0.11032863849765258
0 0.20234375 0.5539906103286385 0.021875 0.05868544600938967
0 0.10859375 0.5586854460093896 0.046875 0.06338028169014084
0 0.64296875 0.5598591549295775 0.028125 0.06338028169014084
0 0.18671875 0.6044600938967136 0.0328125 0.15492957746478872
0 0.6703125 0.568075117370892 0.03125 0.046948356807511735