0 0.209375 0.5750528541226215 0.2765625 0.4334038054968288
0 0.465625 0.6046511627906976 0.3546875 0.4164904862579281
0 0.70859375 0.29915433403805497 0.1578125 0.19873150105708245
0 0.8578125 0.49682875264270615 0.2609375 0.492600422832981
0 0.13515625 0.34460887949260044 0.153125 0.24735729386892177
0 0.96484375 0.3572938689217759 0.0703125 0.14799154334038056
0 0.01640625 0.33298097251585623 0.0328125 0.06342494714587738
0 0.53125 0.29069767441860467 0.0734375 0.1733615221987315
0 0.815625 0.7579281183932347 0.36875 0.48414376321353064
0 0.61796875 0.39957716701902746 0.25625 0.3382663847780127
0 0.4140625 0.4450317124735729 0.1546875 0.4249471458773784
