0 0.565625 0.490625 0.065625 0.31666666666666665
0 0.72109375 0.5489583333333333 0.096875 0.17083333333333334
0 0.03125 0.559375 0.0625 0.5208333333333334
0 0.6140625 0.475 0.0578125 0.20625
0 0.5109375 0.44166666666666665 0.05625 0.15208333333333332
0 0.70234375 0.42083333333333334 0.034375 0.09583333333333334
0 0.628125 0.41354166666666664 0.028125 0.06875
0 0.75 0.4666666666666667 0.0453125 0.16041666666666668
0 0.48203125 0.5020833333333333 0.0453125 0.125
0 0.7859375 0.45 0.040625 0.14375
0 0.6875 0.440625 0.0453125 0.07291666666666667
0 0.36484375 0.5135416666666667 0.103125 0.4375
