0 0.3015625 0.6666666666666666 0.15 0.3770833333333333
0 0.44765625 0.65625 0.0546875 0.11041666666666666
0 0.46328125 0.6791666666666667 0.121875 0.13958333333333334
0 0.62109375 0.6802083333333333 0.0328125 0.05625
0 0.52578125 0.6416666666666667 0.0375 0.06875
0 0.80390625 0.7572916666666667 0.0890625 0.15833333333333333
0 0.16328125 0.796875 0.2390625 0.37916666666666665
0 0.65546875 0.6458333333333334 0.0484375 0.058333333333333334
0 0.540625 0.7166666666666667 0.1296875 0.15208333333333332
0 0.590625 0.7604166666666666 0.2078125 0.17916666666666667
0 0.14296875 0.6125 0.140625 0.18958333333333333
0 0.21171875 0.734375 0.0953125 0.17708333333333334
0 0.73203125 0.7291666666666666 0.0828125 0.14375