0 0.23515625 0.7484567901234568 0.075 0.2808641975308642
0 0.54921875 0.625 0.0625 0.1882716049382716
0 0.11953125 0.7993827160493827 0.1296875 0.24382716049382716
0 0.97890625 0.5030864197530864 0.0234375 0.07716049382716049
0 0.39375 0.28703703703703703 0.0078125 0.021604938271604937
0 0.271875 0.2762345679012346 0.0078125 0.024691358024691357
0 0.50078125 0.5509259259259259 0.0390625 0.10802469135802469
0 0.43125 0.2777777777777778 0.00625 0.009259259259259259
0 0.365625 0.3487654320987654 0.0078125 0.021604938271604937
0 0.1125 0.8626543209876543 0.0671875 0.07407407407407407
0 0.16640625 0.3533950617283951 0.0125 0.030864197530864196
0 0.20390625 0.3487654320987654 0.009375 0.018518518518518517
0 0.2296875 0.35030864197530864 0.0125 0.027777777777777776