0 0.50703125 0.3698770491803279 0.1609375 0.5
0 0.10625 0.35348360655737704 0.0890625 0.07991803278688525
0 0.9765625 0.26434426229508196 0.046875 0.10040983606557377
0 0.31953125 0.3155737704918033 0.128125 0.13729508196721313
0 0.41796875 0.30225409836065575 0.0796875 0.11885245901639344
0 0.2015625 0.3473360655737705 0.0984375 0.08401639344262295
0 0.3828125 0.30020491803278687 0.0484375 0.06557377049180328
0 0.09296875 0.07274590163934426 0.0671875 0.10450819672131148
0 0.03046875 0.10450819672131148 0.0453125 0.05122950819672131
0 0.8375 0.2827868852459016 0.15625 0.0860655737704918
0 0.72421875 0.2807377049180328 0.06875 0.0942622950819672
0 0.04609375 0.045081967213114756 0.0328125 0.06967213114754098
0 0.01796875 0.07684426229508197 0.0359375 0.11270491803278689