0 0.75859375 0.8051643192488263 0.0546875 0.11032863849765258
0 0.6609375 0.7805164319248826 0.04375 0.11032863849765258
0 0.88828125 0.44366197183098594 0.021875 0.09154929577464789
0 0.74140625 0.3967136150234742 0.0171875 0.08215962441314555
0 0.43359375 0.0539906103286385 0.0078125 0.018779342723004695
0 0.47578125 0.05868544600938967 0.009375 0.018779342723004695
0 0.58828125 0.4413145539906103 0.040625 0.06572769953051644
0 0.86953125 0.37089201877934275 0.021875 0.0539906103286385
0 0.19453125 0.215962441314554 0.0203125 0.05868544600938967
0 0.9046875 0.3615023474178404 0.00625 0.009389671361502348
0 0.22578125 0.5938967136150235 0.0625 0.09389671361502347
0 0.07265625 0.3884976525821596 0.0328125 0.06103286384976526
