0 0.68671875 0.4624413145539906 0.278125 0.48826291079812206
0 0.0010759406250000002 0.0013580305164319249 0.0009731203125000001 0.001978774647887324
0 0.4921875 0.7335680751173709 0.115625 0.49765258215962443
0 0.25078125 0.8004694835680751 0.1921875 0.3779342723004695
0 0.03828125 0.7593896713615024 0.0765625 0.2793427230046948
0 0.06015625 0.6349765258215962 0.0375 0.07276995305164319
0 0.5765625 0.7194835680751174 0.0796875 0.5305164319248826
0 0.5703125 0.5645539906103286 0.0375 0.07981220657276995
0 0.4390625 0.7969483568075117 0.159375 0.28169014084507044
0 0.27578125 0.37910798122065725 0.0375 0.0539906103286385
