0 0.61015625 0.184375 0.021875 0.1
0 0.73125 0.2625 0.059375 0.13125
0 0.90390625 0.21041666666666667 0.040625 0.08541666666666667
0 0.08671875 0.39791666666666664 0.034375 0.14791666666666667
0 0.31015625 0.75 0.1375 0.24583333333333332
0 0.73125 0.059375 0.0203125 0.022916666666666665
0 0.22109375 0.078125 0.0234375 0.029166666666666667
0 0.44296875 0.140625 0.0171875 0.04375
0 0.06875 0.24166666666666667 0.0484375 0.1
0 0.21171875 0.9697916666666667 0.03125 0.0375
0 0.09296875 0.21354166666666666 0.0359375 0.05
0 0.13671875 0.371875 0.0265625 0.13541666666666666
0 0.1046875 0.2125 0.0265625 0.10208333333333333
