0 0.2234375 0.6023529411764705 0.128125 0.508235294117647
0 0.30234375 0.5117647058823529 0.0703125 0.3788235294117647
0 0.4140625 0.5294117647058824 0.0921875 0.3458823529411765
0 0.89296875 0.5788235294117647 0.1109375 0.3976470588235294
0 0.55078125 0.66 0.1625 0.27294117647058824
0 0.0015200078125 0.0016945600000000001 0.00008498593750000001 0.0009762776470588235
0 0.553125 0.4541176470588235 0.059375 0.15058823529411763
0 0.596875 0.48 0.0625 0.08941176470588236
0 0.83125 0.36470588235294116 0.0390625 0.2211764705882353
0 0.24453125 0.4117647058823529 0.046875 0.14352941176470588
0 0.86328125 0.4988235294117647 0.0890625 0.3388235294117647
