0 0.8578125 0.5878220140515222 0.0765625 0.26697892271662765
0 0.8546875 0.4718969555035129 0.0140625 0.0351288056206089
0 0.825 0.5398126463700235 0.0328125 0.1522248243559719
0 0.8125 0.4929742388758782 0.015625 0.06323185011709602
0 0.97421875 0.5058548009367682 0.021875 0.12646370023419204
0 0.9515625 0.5210772833723654 0.028125 0.1405152224824356
0 0.93125 0.5199063231850117 0.0203125 0.1288056206088993
0 0.90625 0.477751756440281 0.01875 0.06088992974238876
0 0.8953125 0.4812646370023419 0.00625 0.04918032786885246
0 0.98828125 0.4847775175644028 0.0125 0.0468384074941452
0 0.98359375 0.5936768149882904 0.025 0.20843091334894615
0 0.90390625 0.550351288056206 0.0359375 0.0936768149882904
0 0.8484375 0.48009367681498827 0.015625 0.0702576112412178
