0 0.459375 0.6014644351464435 0.1625 0.41841004184100417
0 0.76171875 0.6506276150627615 0.19375 0.401673640167364
0 0.32890625 0.5010460251046025 0.1546875 0.49372384937238495
0 0.0640625 0.5345188284518828 0.128125 0.5732217573221757
0 0.1859375 0.5251046025104602 0.140625 0.5062761506276151
0 0.6515625 0.5418410041841004 0.121875 0.600418410041841
0 0.78046875 0.4393305439330544 0.1359375 0.4665271966527197
0 0.58828125 0.4236401673640167 0.071875 0.3389121338912134
0 0.46796875 0.35460251046025104 0.090625 0.16527196652719664
0 0.18671875 0.3138075313807531 0.10625 0.15481171548117154
0 0.12734375 0.4769874476987448 0.0828125 0.401673640167364
0 0.3875 0.35355648535564854 0.04375 0.1108786610878661
