0 0.528 0.7132132132132132 0.158 0.5465465465465466
0 0.00183764 0.0021881801801801803 0.00032472 0.0016296486486486485
0 0.76 0.4339339339339339 0.072 0.13213213213213212
0 0.352 0.36786786786786785 0.08 0.1921921921921922
0 0.658 0.3738738738738739 0.074 0.23423423423423423
0 0.193 0.3048048048048048 0.062 0.2552552552552553
0 0.119 0.3408408408408408 0.074 0.22822822822822822
0 0.083 0.6861861861861862 0.162 0.5435435435435435
0 0.247 0.35735735735735735 0.082 0.2012012012012012
0 0.818 0.5795795795795796 0.126 0.46546546546546547
0 0.899 0.13813813813813813 0.066 0.2222222222222222
0 0.688 0.09009009009009009 0.034 0.1021021021021021
0 0.579 0.15615615615615616 0.096 0.21921921921921922
