0 0.11796875 0.5354166666666667 0.0734375 0.22291666666666668
0 0.55234375 0.5614583333333333 0.0828125 0.26458333333333334
0 0.68125 0.47708333333333336 0.0140625 0.05625
0 0.3734375 0.496875 0.0375 0.08541666666666667
0 0.61953125 0.4947916666666667 0.0265625 0.1
0 0.8109375 0.46041666666666664 0.0109375 0.03125
0 0.70546875 0.47604166666666664 0.0140625 0.052083333333333336
0 0.846875 0.465625 0.0171875 0.03958333333333333
0 0.78203125 0.4666666666666667 0.00625 0.022916666666666665
0 0.58984375 0.47604166666666664 0.0359375 0.09375
0 0.65703125 0.4739583333333333 0.0109375 0.029166666666666667
0 0.40078125 0.496875 0.0234375 0.06458333333333334
0 0.64609375 0.47708333333333336 0.009375 0.027083333333333334
