0 0.27890625 0.5585480093676815 0.0484375 0.0702576112412178
0 0.4265625 0.5784543325526932 0.03125 0.03747072599531616
0 0.57578125 0.5714285714285714 0.040625 0.03747072599531616
0 0.18046875 0.3407494145199063 0.05625 0.04918032786885246
0 0.78828125 0.32084309133489464 0.0421875 0.0468384074941452
0 0.3828125 0.5784543325526932 0.0265625 0.04215456674473068
0 0.31875 0.5655737704918032 0.0265625 0.053864168618266976
0 0.34765625 0.5761124121779859 0.0171875 0.0468384074941452
0 0.40546875 0.5761124121779859 0.0265625 0.04449648711943794
0 0.7015625 0.5737704918032787 0.06875 0.0468384074941452
0 0.49921875 0.572599531615925 0.0296875 0.05152224824355972