0 0.3375 0.21955128205128205 0.0203125 0.07371794871794872
0 0.18515625 0.21314102564102563 0.034375 0.07692307692307693
0 0.3015625 0.20673076923076922 0.01875 0.035256410256410256
0 0.3171875 0.21314102564102563 0.015625 0.028846153846153848
0 0.43203125 0.2483974358974359 0.0484375 0.1282051282051282
0 0.80625 0.22756410256410256 0.015625 0.05128205128205128
0 0.52109375 0.22275641025641027 0.021875 0.07692307692307693
0 0.80078125 0.22435897435897437 0.015625 0.057692307692307696
0 0.203125 0.22435897435897437 0.0125 0.03205128205128205
0 0.4625 0.25801282051282054 0.0125 0.08333333333333333
0 0.8859375 0.266025641025641 0.025 0.060897435897435896
0 0.81640625 0.22435897435897437 0.0140625 0.057692307692307696
0 0.12265625 0.26282051282051283 0.1046875 0.2532051282051282
