0 0.71640625 0.7922755741127349 0.0390625 0.20876826722338204
0 0.4984375 0.20772442588726514 0.025 0.05845511482254697
0 0.47890625 0.2056367432150313 0.0171875 0.05636743215031315
0 0.46640625 0.21085594989561587 0.021875 0.054279749478079335
0 0.446875 0.20772442588726514 0.0203125 0.05636743215031315
0 0.446875 0.1419624217118998 0.0125 0.06471816283924843
0 0.42890625 0.151356993736952 0.0203125 0.06263048016701461
0 0.91796875 0.17745302713987474 0.0171875 0.07724425887265135
0 0.39453125 0.14822546972860126 0.021875 0.06889352818371608
0 0.4828125 0.2588726513569937 0.025 0.08350730688935282
0 0.1140625 0.3288100208768267 0.04375 0.11899791231732777
0 0.153125 0.05010438413361169 0.0140625 0.04384133611691023
0 0.1328125 0.04592901878914405 0.0125 0.04801670146137787