0 0.0011808169014084508 0.001388696875 0.0007766314553990611 0.0003476078125
0 0.15492957746478872 0.884375 0.2981220657276995 0.23125
0 0.965962441314554 0.89921875 0.06807511737089202 0.19375
0 0.3004694835680751 0.80390625 0.2136150234741784 0.3921875
0 0.1983568075117371 0.6375 0.1784037558685446 0.1359375
0 0.035211267605633804 0.7421875 0.07042253521126761 0.134375
0 0.5504694835680751 0.5109375 0.45305164319248825 0.55
0 0.8697183098591549 0.75703125 0.2605633802816901 0.328125
0 0.028169014084507043 0.62109375 0.056338028169014086 0.1359375
0 0.8802816901408451 0.959375 0.2300469483568075 0.0765625
0 0.0016047018779342722 0.001324378125 0.0010562840375586855 0.0004762453125
