0 0.19609375 0.5354223433242506 0.0546875 0.22343324250681199
0 0.57578125 0.5408719346049047 0.0984375 0.2561307901907357
0 0.08828125 0.5831062670299727 0.084375 0.3133514986376022
0 0.35625 0.5762942779291553 0.115625 0.33242506811989103
0 0.5140625 0.5490463215258855 0.03125 0.1226158038147139
0 0.7421875 0.4904632152588556 0.0234375 0.04904632152588556
0 0.82265625 0.46185286103542234 0.021875 0.04087193460490463
0 0.41328125 0.5136239782016349 0.021875 0.04087193460490463
0 0.66953125 0.5463215258855586 0.0828125 0.22343324250681199
0 0.86015625 0.47956403269754766 0.0484375 0.07901907356948229
0 0.89296875 0.4713896457765668 0.0375 0.05722070844686648
0 0.35 0.44686648501362397 0.034375 0.043596730245231606
0 0.6796875 0.4359673024523161 0.0421875 0.10899182561307902