0 0.184375 0.9435294117647058 0.0265625 0.09647058823529411
0 0.04375 0.928235294117647 0.015625 0.0611764705882353
0 0.1484375 0.9247058823529412 0.0234375 0.05411764705882353
0 0.24375 0.9152941176470588 0.0078125 0.04941176470588235
0 0.071875 0.9329411764705883 0.0265625 0.08
0 0.3171875 0.9105882352941177 0.0078125 0.04
0 0.2515625 0.9176470588235294 0.0109375 0.04941176470588235
0 0.0703125 0.8929411764705882 0.0046875 0.011764705882352941
0 0.046875 0.8976470588235295 0.0078125 0.01411764705882353
0 0.103125 0.8929411764705882 0.0078125 0.018823529411764704
