0 0.778125 0.8368544600938967 0.0609375 0.18544600938967137
0 0.6375 0.5516431924882629 0.0375 0.05868544600938967
0 0.52109375 0.8051643192488263 0.0734375 0.1784037558685446
0 0.58671875 0.7394366197183099 0.059375 0.15258215962441316
0 0.6328125 0.7018779342723005 0.0515625 0.14553990610328638
0 0.1953125 0.7464788732394366 0.0578125 0.1572769953051643
0 0.09765625 0.7347417840375586 0.05 0.14084507042253522
0 0.04140625 0.7370892018779343 0.053125 0.1619718309859155
0 0.09609375 0.38615023474178406 0.01875 0.0539906103286385
0 0.44140625 0.7089201877934272 0.06875 0.1619718309859155
0 0.20078125 0.4295774647887324 0.028125 0.06338028169014084
0 0.23515625 0.6631455399061033 0.0484375 0.13615023474178403
0 0.1234375 0.5129107981220657 0.0375 0.08450704225352113