0 0.0546875 0.36502347417840375 0.0171875 0.06103286384976526
0 0.06484375 0.3544600938967136 0.0203125 0.05868544600938967
0 0.0375 0.42488262910798125 0.01875 0.07746478873239436
0 0.5703125 0.31690140845070425 0.0109375 0.025821596244131457
0 0.0453125 0.3591549295774648 0.0140625 0.06807511737089202
0 0.015625 0.3544600938967136 0.0125 0.06103286384976526
0 0.5953125 0.3086854460093897 0.0109375 0.051643192488262914
0 0.096875 0.35563380281690143 0.015625 0.06338028169014084
0 0.79609375 0.27816901408450706 0.00625 0.03051643192488263
0 0.803125 0.27582159624413144 0.0109375 0.035211267605633804
0 0.0859375 0.36384976525821594 0.0125 0.056338028169014086
0 0.1125 0.357981220657277 0.0109375 0.05868544600938967
0 0.61171875 0.3004694835680751 0.0125 0.03755868544600939
