0 0.0734375 0.32669789227166274 0.084375 0.3325526932084309
0 0.52578125 0.382903981264637 0.3015625 0.5878220140515222
0 0.9515625 0.5480093676814989 0.071875 0.20843091334894615
0 0.14765625 0.3255269320843091 0.08125 0.2786885245901639
0 0.89609375 0.5269320843091335 0.065625 0.2388758782201405
0 0.8265625 0.4953161592505855 0.046875 0.19437939110070257
0 0.725 0.39695550351288056 0.0515625 0.08196721311475409
0 0.85234375 0.5128805620608899 0.065625 0.2224824355971897
0 0.2140625 0.2857142857142857 0.053125 0.13348946135831383
0 0.2703125 0.275175644028103 0.046875 0.07494145199063232
0 0.80546875 0.41100702576112413 0.059375 0.10070257611241218
0 0.2015625 0.2459016393442623 0.028125 0.07962529274004684
