0 0.11953125 0.6625 0.1015625 0.37083333333333335
0 0.7765625 0.5260416666666666 0.0359375 0.15
0 0.4296875 0.4270833333333333 0.0328125 0.07083333333333333
0 0.58984375 0.428125 0.0328125 0.08125
0 0.55703125 0.43020833333333336 0.01875 0.06875
0 0.71875 0.44895833333333335 0.021875 0.06458333333333334
0 0.85234375 0.46145833333333336 0.0234375 0.09375
0 0.83203125 0.4625 0.0234375 0.08333333333333333
0 0.7515625 0.4791666666666667 0.0234375 0.08125
0 0.771875 0.4395833333333333 0.025 0.06041666666666667
0 0.490625 0.428125 0.028125 0.0875
0 0.878125 0.4708333333333333 0.034375 0.05625
0 0.98359375 0.44895833333333335 0.0125 0.03333333333333333