0 0.5015625 0.48009367681498827 0.1296875 0.4918032786885246
0 0.853125 0.2259953161592506 0.1296875 0.44730679156908665
0 0.68515625 0.0702576112412178 0.059375 0.13817330210772832
0 0.36171875 0.05152224824355972 0.05625 0.10304449648711944
0 0.80390625 0.06674473067915691 0.0578125 0.13348946135831383
0 0.16171875 0.06088992974238876 0.0609375 0.12177985948477751
0 0.240625 0.06791569086651054 0.046875 0.1358313817330211
0 0.57890625 0.0702576112412178 0.0484375 0.1405152224824356
0 0.09375 0.22014051522248243 0.10625 0.44028103044496486
0 0.4734375 0.07142857142857142 0.078125 0.13114754098360656
