0 0.17890625 0.7304250559284117 0.0140625 0.06040268456375839
0 0.14296875 0.767337807606264 0.0125 0.05145413870246085
0 0.1546875 0.7706935123042505 0.0171875 0.06487695749440715
0 0.18515625 0.7919463087248322 0.0203125 0.06487695749440715
0 0.1234375 0.9395973154362416 0.0203125 0.06935123042505593
0 0.19375 0.8355704697986577 0.0140625 0.053691275167785234
0 0.07265625 0.901565995525727 0.01875 0.06935123042505593
0 0.8515625 0.587248322147651 0.0171875 0.05592841163310962
0 0.1140625 0.9105145413870246 0.015625 0.06263982102908278
0 0.1375 0.8523489932885906 0.0140625 0.06040268456375839
0 0.7921875 0.28635346756152125 0.0078125 0.040268456375838924
0 0.2046875 0.9161073825503355 0.0140625 0.06040268456375839
0 0.15234375 0.9541387024608501 0.021875 0.06040268456375839
