0 0.42109375 0.4064039408866995 0.16875 0.5886699507389163
0 0.2828125 0.7352216748768473 0.04375 0.10837438423645321
0 0.434375 0.7204433497536946 0.0328125 0.1330049261083744
0 0.76875 0.7635467980295566 0.03125 0.07881773399014778
0 0.80703125 0.7266009852216748 0.0203125 0.05665024630541872
0 0.94375 0.7229064039408867 0.021875 0.10344827586206896
0 0.78671875 0.7364532019704434 0.025 0.059113300492610835
0 0.49375 0.687192118226601 0.0203125 0.11083743842364532
0 0.85625 0.7746305418719212 0.040625 0.11330049261083744
0 0.628125 0.7980295566502463 0.0046875 0.019704433497536946
0 0.71328125 0.7635467980295566 0.009375 0.019704433497536946
0 0.64453125 0.7783251231527094 0.0078125 0.019704433497536946