0 0.2859375 0.8454332552693209 0.0671875 0.1592505854800937
0 0.32890625 0.8489461358313818 0.0390625 0.16159250585480095
0 0.65625 0.8348946135831382 0.034375 0.117096018735363
0 0.49140625 0.8384074941451991 0.0234375 0.1451990632318501
0 0.96953125 0.8231850117096019 0.0328125 0.11241217798594848
0 0.9484375 0.8442622950819673 0.0390625 0.1405152224824356
0 0.928125 0.8290398126463701 0.021875 0.11007025761124122
0 0.89375 0.8348946135831382 0.0421875 0.15456674473067916
0 0.846875 0.8302107728337237 0.0171875 0.12177985948477751
0 0.8140625 0.8360655737704918 0.021875 0.12177985948477751
0 0.7765625 0.8477751756440282 0.03125 0.13114754098360656
0 0.72265625 0.8372365339578455 0.0328125 0.14988290398126464
0 0.74609375 0.8442622950819673 0.034375 0.1358313817330211
