0 0.201 0.452445652173913 0.07 0.37228260869565216
0 0.262 0.5149456521739131 0.1 0.3641304347826087
0 0.366 0.47554347826086957 0.128 0.5108695652173914
0 0.675 0.29891304347826086 0.056 0.20108695652173914
0 0.679 0.6019021739130435 0.262 0.5217391304347826
0 0.499 0.5339673913043478 0.09 0.42391304347826086
0 0.933 0.5475543478260869 0.134 0.654891304347826
0 0.729 0.5258152173913043 0.13 0.5679347826086957
0 0.27 0.33967391304347827 0.1 0.15760869565217392
0 0.232 0.3233695652173913 0.026 0.04891304347826087
