0 0.478125 0.35833333333333334 0.5390625 0.7104166666666667
0 0.62109375 0.296875 0.075 0.09375
0 0.73046875 0.321875 0.1453125 0.23333333333333334
0 0.928125 0.30833333333333335 0.0671875 0.10625
0 0.8671875 0.3072916666666667 0.01875 0.06875
0 0.80078125 0.303125 0.046875 0.05416666666666667
0 0.20625 0.32083333333333336 0.01875 0.041666666666666664
0 0.2234375 0.30416666666666664 0.0140625 0.016666666666666666
0 0.184375 0.31666666666666665 0.0265625 0.03958333333333333
0 0.1421875 0.34375 0.0390625 0.07083333333333333
0 0.09453125 0.3020833333333333 0.0265625 0.03333333333333333