0 0.725 0.34894613583138173 0.140625 0.3325526932084309
0 0.428125 0.29859484777517564 0.121875 0.2693208430913349
0 0.15234375 0.24473067915690866 0.0578125 0.20374707259953162
0 0.1421875 0.7142857142857143 0.0765625 0.32786885245901637
0 0.96328125 0.8372365339578455 0.0734375 0.3044496487119438
0 0.93359375 0.4929742388758782 0.0484375 0.0702576112412178
0 0.88046875 0.5023419203747073 0.0359375 0.05152224824355972
0 0.96328125 0.4637002341920375 0.021875 0.08430913348946135
0 0.86875 0.4613583138173302 0.034375 0.08665105386416862
0 0.94140625 0.43676814988290397 0.0390625 0.06791569086651054
0 0.9671875 0.3442622950819672 0.0390625 0.06557377049180328