0 0.5640625 0.5407279029462738 0.5671875 0.8925476603119584
0 0.1765625 0.4254766031195841 0.2828125 0.5285961871750433
0 0.11328125 0.21923743500866552 0.0609375 0.16291161178509533
0 0.09765625 0.18284228769497402 0.1015625 0.1663778162911612
0 0.2765625 0.2001733102253033 0.0890625 0.16984402079722705
0 0.390625 0.18804159445407279 0.1453125 0.20623916811091855
0 0.4859375 0.2097053726169844 0.115625 0.17677642980935876
0 0.78828125 0.1733102253032929 0.109375 0.2027729636048527
0 0.0296875 0.20797227036395147 0.059375 0.17850953206239167
0 0.328125 0.12131715771230503 0.053125 0.06412478336221837
0 0.16171875 0.14471403812824957 0.05 0.06239168110918544
0 0.19609375 0.1291161178509532 0.103125 0.08838821490467938
0 0.8875 0.18890814558058924 0.1015625 0.18370883882149047