0 0.82890625 0.28854166666666664 0.053125 0.20208333333333334
0 0.3078125 0.1125 0.0234375 0.035416666666666666
0 0.328125 0.11458333333333333 0.0203125 0.03333333333333333
0 0.1234375 0.09791666666666667 0.0484375 0.06458333333333334
0 0.81796875 0.5166666666666667 0.125 0.25625
0 0.9546875 0.275 0.0671875 0.19583333333333333
0 0.2859375 0.10833333333333334 0.0265625 0.03958333333333333
0 0.41015625 0.11770833333333333 0.021875 0.0375
0 0.3921875 0.11666666666666667 0.015625 0.03125
0 0.0390625 0.09583333333333334 0.0328125 0.05625
0 0.15078125 0.10520833333333333 0.0265625 0.05625
0 0.52578125 0.35208333333333336 0.046875 0.13333333333333333