0 0.3578125 0.1875 0.0296875 0.035416666666666666
0 0.90234375 0.25416666666666665 0.025 0.035416666666666666
0 0.75859375 0.6854166666666667 0.184375 0.38333333333333336
0 0.43828125 0.07291666666666667 0.03125 0.05
0 0.66015625 0.7083333333333334 0.115625 0.3145833333333333
0 0.52890625 0.440625 0.084375 0.2791666666666667
0 0.23203125 0.36875 0.0640625 0.19375
0 0.2828125 0.759375 0.128125 0.4625
0 0.44296875 0.30833333333333335 0.03125 0.04583333333333333
0 0.55 0.1875 0.03125 0.041666666666666664
0 0.603125 0.25416666666666665 0.0359375 0.04375
0 0.1390625 0.146875 0.0328125 0.06666666666666667
0 0.434375 0.23958333333333334 0.0234375 0.05625
