0 0.651 0.7720848056537103 0.216 0.4558303886925795
0 0.332 0.5759717314487632 0.042 0.15547703180212014
0 0.479 0.5777385159010601 0.038 0.14487632508833923
0 0.551 0.588339222614841 0.038 0.12014134275618374
0 0.618 0.6925795053003534 0.128 0.31095406360424027
0 0.448 0.5318021201413428 0.018 0.05653710247349823
0 0.524 0.5477031802120141 0.024 0.08833922261484099
0 0.029 0.6537102473498233 0.058 0.3674911660777385
0 0.172 0.6042402826855123 0.106 0.28975265017667845
0 0.212 0.5141342756183745 0.018 0.038869257950530034
0 0.124 0.7031802120141343 0.154 0.47703180212014135