0 0.66953125 0.8039906103286385 0.0265625 0.09154929577464789
0 0.6859375 0.8075117370892019 0.0171875 0.107981220657277
0 0.84609375 0.8755868544600939 0.05 0.16666666666666666
0 0.87265625 0.6431924882629108 0.0234375 0.09624413145539906
0 0.73046875 0.789906103286385 0.0390625 0.15258215962441316
0 0.9265625 0.67018779342723 0.021875 0.07981220657276995
0 0.6078125 0.7241784037558685 0.0265625 0.1056338028169014
0 0.55625 0.8380281690140845 0.034375 0.15258215962441316
0 0.74765625 0.3755868544600939 0.0234375 0.04929577464788732
0 0.7078125 0.9307511737089202 0.0625 0.13849765258215962
0 0.89765625 0.6948356807511737 0.05 0.15492957746478872
0 0.64921875 0.7758215962441315 0.025 0.12441314553990611
0 0.57265625 0.7183098591549296 0.015625 0.08685446009389672