0 0.51953125 0.702576112412178 0.0125 0.03747072599531616
0 0.2109375 0.9250585480093677 0.0203125 0.08665105386416862
0 0.4203125 0.7177985948477752 0.0171875 0.03747072599531616
0 0.20234375 0.8149882903981265 0.021875 0.0702576112412178
0 0.39609375 0.724824355971897 0.0234375 0.0234192037470726
0 0.35 0.7201405152224825 0.0109375 0.03278688524590164
0 0.53125 0.7002341920374707 0.0078125 0.0351288056206089
0 0.83515625 0.7306791569086651 0.0140625 0.01873536299765808
0 0.36640625 0.7213114754098361 0.0125 0.02576112412177986
0 0.96015625 0.8793911007025761 0.0265625 0.06791569086651054
0 0.3921875 0.7096018735362998 0.0078125 0.02107728337236534
0 0.53984375 0.6990632318501171 0.0078125 0.03044496487119438