0 0.82890625 0.6206088992974239 0.1640625 0.7587822014051522
0 0.634375 0.6440281030444965 0.240625 0.6838407494145199
0 0.0007168578125 0.0014788384074941453 0.000271753125 0.0017261662763466041
0 0.00040014687499999996 0.0015072763466042155 0.000385009375 0.0016692903981264636
0 0.09375 0.6744730679156908 0.1796875 0.6510538641686182
0 0.953125 0.6861826697892272 0.09375 0.6206088992974239
0 0.6203125 0.3793911007025761 0.175 0.2154566744730679
0 0.04453125 0.4847775175644028 0.0484375 0.1053864168618267
0 0.2234375 0.4133489461358314 0.1125 0.1756440281030445
0 0.35859375 0.44730679156908665 0.0609375 0.17096018735362997
0 0.4328125 0.35362997658079626 0.0484375 0.08899297423887588
0 0.540625 0.6873536299765808 0.0734375 0.6252927400468384