0 0.78984375 0.7745901639344263 0.2875 0.4385245901639344
0 0.603125 0.8094262295081968 0.1578125 0.35860655737704916
0 0.41875 0.6936475409836066 0.1109375 0.23565573770491804
0 0.36640625 0.6618852459016393 0.059375 0.2807377049180328
0 0.3015625 0.6495901639344263 0.0859375 0.3237704918032787
0 0.73515625 0.48360655737704916 0.0296875 0.09631147540983606
0 0.184375 0.548155737704918 0.025 0.16188524590163936
0 0.15390625 0.5584016393442623 0.05 0.13319672131147542
0 0.9625 0.7807377049180327 0.075 0.35040983606557374
0 0.23359375 0.5891393442622951 0.0515625 0.21106557377049182
0 0.92734375 0.4600409836065574 0.015625 0.018442622950819672
0 0.278125 0.5235655737704918 0.0375 0.10245901639344263
0 0.765625 0.48770491803278687 0.01875 0.06967213114754098
