0 0.546875 0.825 0.1125 0.3458333333333333
0 0.30546875 0.7885416666666667 0.090625 0.375
0 0.36796875 0.7958333333333333 0.075 0.25416666666666665
0 0.453125 0.8385416666666666 0.084375 0.25625
0 0.54296875 0.584375 0.0703125 0.13541666666666666
0 0.10390625 0.7322916666666667 0.103125 0.15625
0 0.68125 0.8333333333333334 0.10625 0.3333333333333333
0 0.7578125 0.7760416666666666 0.0875 0.3854166666666667
0 0.80625 0.74375 0.0640625 0.325
0 0.8390625 0.7010416666666667 0.0515625 0.22916666666666666
0 0.71328125 0.65 0.040625 0.10416666666666667
0 0.23515625 0.8260416666666667 0.1546875 0.34791666666666665
0 0.3859375 0.6895833333333333 0.05 0.11041666666666666