0 0.225 0.3950777202072539 0.11875 0.4637305699481865
0 0.721875 0.2927461139896373 0.1046875 0.22279792746113988
0 0.6125 0.4274611398963731 0.121875 0.5518134715025906
0 0.3734375 0.327720207253886 0.0828125 0.2538860103626943
0 0.98359375 0.47797927461139894 0.0328125 0.09844559585492228
0 0.021875 0.5492227979274611 0.0234375 0.14248704663212436
0 0.934375 0.6373056994818653 0.0359375 0.19170984455958548
0 0.06171875 0.5168393782383419 0.0328125 0.14248704663212436
0 0.02421875 0.4740932642487047 0.028125 0.05958549222797927
0 0.46953125 0.2810880829015544 0.0796875 0.21243523316062177
0 0.078125 0.483160621761658 0.0171875 0.054404145077720206
0 0.884375 0.6178756476683938 0.040625 0.23056994818652848