0 0.316 0.38666666666666666 0.142 0.21333333333333335
0 0.375 0.4266666666666667 0.066 0.136
0 0.51 0.44 0.026 0.096
0 0.189 0.4026666666666667 0.03 0.14666666666666667
0 0.024 0.4186666666666667 0.048 0.08
0 0.946 0.6026666666666667 0.058 0.17333333333333334
0 0.901 0.52 0.04 0.13066666666666665
0 0.216 0.3933333333333333 0.018 0.072
0 0.858 0.48533333333333334 0.014 0.037333333333333336
0 0.879 0.488 0.014 0.029333333333333333
0 0.334 0.3933333333333333 0.018 0.034666666666666665
0 0.664 0.44 0.342 0.44
0 0.27 0.4026666666666667 0.02 0.04533333333333334