0 0.2296875 0.6166666666666667 0.034375 0.12916666666666668
0 0.34140625 0.5270833333333333 0.0328125 0.1375
0 0.5765625 0.30104166666666665 0.01875 0.1
0 0.40234375 0.440625 0.0421875 0.13125
0 0.41484375 0.42291666666666666 0.025 0.10833333333333334
0 0.4390625 0.3927083333333333 0.021875 0.11041666666666666
0 0.47578125 0.39895833333333336 0.0265625 0.12291666666666666
0 0.51640625 0.33125 0.021875 0.11666666666666667
0 0.2796875 0.5322916666666667 0.0234375 0.1375
0 0.48984375 0.32708333333333334 0.01875 0.06041666666666667
0 0.36875 0.48541666666666666 0.0375 0.11666666666666667
0 0.3578125 0.5052083333333334 0.025 0.125
0 0.29765625 0.5614583333333333 0.0328125 0.15416666666666667