0 0.2168560606060606 0.46015625 0.026515151515151516 0.071875
0 0.19318181818181818 0.465625 0.026515151515151516 0.08125
0 0.054924242424242424 0.50625 0.043560606060606064 0.08125
0 0.07765151515151515 0.49296875 0.03409090909090909 0.0875
0 0.3077651515151515 0.409375 0.01893939393939394 0.0484375
0 0.9024621212121212 0.70625 0.07954545454545454 0.15625
0 0.8513257575757576 0.63125 0.0625 0.134375
0 0.790719696969697 0.58359375 0.058712121212121215 0.11875
0 0.7537878787878788 0.5453125 0.043560606060606064 0.103125
0 0.8768939393939394 0.5078125 0.03977272727272727 0.09375
0 0.8446969696969697 0.52578125 0.03598484848484849 0.09375
0 0.0018346287878787879 0.0012091312499999999 0.00011862310606060605 0.000285790625
0 0.9147727272727273 0.55546875 0.03977272727272727 0.090625
