0 0.49609375 0.6103286384976526 0.3390625 0.6643192488262911
0 0.9328125 0.10211267605633803 0.1328125 0.19014084507042253
0 0.09609375 0.11032863849765258 0.0859375 0.20657276995305165
0 0.43046875 0.13145539906103287 0.084375 0.25586854460093894
0 0.77265625 0.15492957746478872 0.1484375 0.3075117370892019
0 0.4875 0.13497652582159625 0.1546875 0.2699530516431925
0 0.60390625 0.176056338028169 0.090625 0.15492957746478872
0 0.35078125 0.12206572769953052 0.1171875 0.24178403755868544
0 0.74453125 0.14788732394366197 0.065625 0.1056338028169014
0 0.015625 0.08685446009389672 0.03125 0.1619718309859155
0 0.84921875 0.7746478873239436 0.3015625 0.4507042253521127