0 0.46328125 0.6709006928406467 0.0171875 0.07621247113163972
0 0.8171875 0.6651270207852193 0.0078125 0.04849884526558892
0 0.30703125 0.6720554272517321 0.015625 0.07159353348729793
0 0.77734375 0.6628175519630485 0.009375 0.04849884526558892
0 0.84375 0.6628175519630485 0.009375 0.053117782909930716
0 0.8078125 0.6662817551963048 0.0109375 0.046189376443418015
0 0.73125 0.6466512702078522 0.0109375 0.016166281755196306
0 0.7234375 0.6454965357967667 0.0109375 0.013856812933025405
0 0.14140625 0.8002309468822171 0.275 0.3556581986143187
0 0.4796875 0.6697459584295612 0.0109375 0.07390300230946882
