0 0.181640625 0.47421875 0.080078125 0.128125
0 0.2490234375 0.42890625 0.041015625 0.03125
0 0.4306640625 0.440625 0.068359375 0.0546875
0 0.7470703125 0.4375 0.02734375 0.0296875
0 0.353515625 0.428125 0.0625 0.0375
0 0.8828125 0.4296875 0.01953125 0.0375
0 0.0537109375 0.46484375 0.037109375 0.0671875
0 0.4345703125 0.646875 0.052734375 0.075
0 0.98828125 0.53203125 0.0234375 0.1015625
0 0.736328125 0.41875 0.015625 0.0140625
0 0.12109375 0.42578125 0.05078125 0.034375
0 0.8974609375 0.4171875 0.021484375 0.0640625