0 0.539 0.6973333333333334 0.11 0.4533333333333333
0 0.395 0.6306666666666667 0.174 0.43733333333333335
0 0.691 0.6413333333333333 0.122 0.304
0 0.911 0.7026666666666667 0.134 0.384
0 0.606 0.42133333333333334 0.07 0.248
0 0.746 0.44666666666666666 0.074 0.23466666666666666
0 0.217 0.4066666666666667 0.034 0.184
0 0.845 0.404 0.054 0.14666666666666667
0 0.783 0.416 0.06 0.176
0 0.089 0.368 0.038 0.088
0 0.25 0.416 0.046 0.17066666666666666
0 0.87 0.38 0.032 0.08533333333333333
0 0.485 0.388 0.054 0.17066666666666666