0 0.27890625 0.38503253796095444 0.13125 0.2754880694143167
0 0.3734375 0.3546637744034707 0.1328125 0.3318872017353579
0 0.4578125 0.368763557483731 0.0890625 0.31019522776572667
0 0.50546875 0.3665943600867679 0.0546875 0.3123644251626898
0 0.54140625 0.40997830802603036 0.078125 0.2472885032537961
0 0.60859375 0.3633405639913232 0.090625 0.31019522776572667
0 0.71171875 0.41323210412147504 0.1265625 0.24511930585683298
0 0.8640625 0.6496746203904555 0.175 0.559652928416486
0 0.7875 0.4164859002169197 0.071875 0.210412147505423
0 0.31484375 0.227765726681128 0.0796875 0.2039045553145336
0 0.671875 0.4262472885032538 0.0828125 0.20824295010845986