0 0.65625 0.5074626865671642 0.4515625 0.871268656716418
0 0.26015625 0.19962686567164178 0.0640625 0.17537313432835822
0 0.2984375 0.20055970149253732 0.0890625 0.18097014925373134
0 0.18984375 0.20615671641791045 0.1015625 0.1865671641791045
0 0.096875 0.2630597014925373 0.0953125 0.11194029850746269
0 0.04453125 0.1865671641791045 0.059375 0.11007462686567164
0 0.06796875 0.21548507462686567 0.0578125 0.10820895522388059
0 0.0265625 0.24253731343283583 0.053125 0.08395522388059702
0 0.15078125 0.1669776119402985 0.0859375 0.17350746268656717
0 0.01875 0.15298507462686567 0.0375 0.10074626865671642
0 0.278125 0.1287313432835821 0.0390625 0.06343283582089553
0 0.13125 0.12779850746268656 0.0328125 0.03171641791044776
0 0.21328125 0.14458955223880596 0.046875 0.08768656716417911
