0 0.3488562091503268 0.7540849673202614 0.11274509803921569 0.35294117647058826
0 0.8259803921568627 0.6919934640522876 0.05718954248366013 0.1454248366013072
0 0.7998366013071896 0.6478758169934641 0.011437908496732025 0.04411764705882353
0 0.6593137254901961 0.6658496732026143 0.03758169934640523 0.1111111111111111
0 0.6813725490196079 0.6625816993464052 0.024509803921568627 0.11764705882352941
0 0.505718954248366 0.6315359477124183 0.024509803921568627 0.08660130718954248
0 0.42401960784313725 0.6715686274509803 0.05555555555555555 0.15522875816993464
0 0.7883986928104575 0.7990196078431373 0.119281045751634 0.14052287581699346
0 0.2181372549019608 0.7900326797385621 0.0718954248366013 0.16013071895424835
0 0.6928104575163399 0.6209150326797386 0.014705882352941176 0.04411764705882353
0 0.7132352941176471 0.6348039215686274 0.0196078431372549 0.0718954248366013
0 0.6544117647058824 0.6037581699346405 0.014705882352941176 0.017973856209150325
0 0.7303921568627451 0.6421568627450981 0.032679738562091505 0.08496732026143791