0 0.928125 0.32435597189695553 0.0953125 0.32084309133489464
0 0.91640625 0.1451990632318501 0.025 0.07962529274004684
0 0.50703125 0.18266978922716628 0.08125 0.08665105386416862
0 0.90234375 0.15456674473067916 0.01875 0.03044496487119438
0 0.8140625 0.1756440281030445 0.01875 0.03747072599531616
0 0.8015625 0.19789227166276346 0.05 0.08665105386416862
0 0.2609375 0.19789227166276346 0.0265625 0.03981264637002342
0 0.8859375 0.1405152224824356 0.01875 0.06791569086651054
0 0.80625 0.14285714285714285 0.01875 0.03981264637002342
0 0.93828125 0.13817330210772832 0.0265625 0.07728337236533958
0 0.42265625 0.1522248243559719 0.0203125 0.0702576112412178
0 0.84140625 0.1557377049180328 0.021875 0.06791569086651054
0 0.15234375 0.5140515222482436 0.1765625 0.9133489461358314