0 0.2859375 0.421875 0.0953125 0.19791666666666666
0 0.74609375 0.396875 0.0234375 0.075
0 0.490625 0.4270833333333333 0.08125 0.16875
0 0.4640625 0.3302083333333333 0.009375 0.06041666666666667
0 0.3265625 0.278125 0.00625 0.020833333333333332
0 0.14140625 0.25729166666666664 0.0140625 0.03125
0 0.0484375 0.24479166666666666 0.0109375 0.027083333333333334
0 0.2 0.26666666666666666 0.00625 0.03958333333333333
0 0.01875 0.240625 0.0078125 0.022916666666666665
0 0.52734375 0.30833333333333335 0.0078125 0.01875
0 0.31953125 0.275 0.0046875 0.025
0 0.3125 0.27708333333333335 0.00625 0.029166666666666667
0 0.30078125 0.2833333333333333 0.0078125 0.035416666666666666