0 0.568 0.7237237237237237 0.736 0.5315315315315315
0 0.027 0.4084084084084084 0.054 0.13513513513513514
0 0.419 0.14714714714714713 0.104 0.25825825825825827
0 0.686 0.15315315315315314 0.062 0.15615615615615616
0 0.321 0.15615615615615616 0.098 0.3123123123123123
0 0.091 0.21771771771771772 0.178 0.43543543543543545
0 0.224 0.17567567567567569 0.106 0.3483483483483483
0 0.115 0.03753753753753754 0.11 0.07507507507507508
0 0.577 0.0945945945945946 0.054 0.1831831831831832
0 0.846 0.1021021021021021 0.064 0.2042042042042042
0 0.507 0.12762762762762764 0.078 0.2552552552552553
0 0.162 0.21021021021021022 0.132 0.3783783783783784
0 0.728 0.11261261261261261 0.098 0.21921921921921922