0 0.803125 0.846244131455399 0.0828125 0.3075117370892019
0 0.29765625 0.7359154929577465 0.028125 0.11737089201877934
0 0.50703125 0.710093896713615 0.0296875 0.03286384976525822
0 0.35546875 0.7382629107981221 0.028125 0.09624413145539906
0 0.26640625 0.7394366197183099 0.0234375 0.07981220657276995
0 0.1875 0.7265258215962441 0.0375 0.06572769953051644
0 0.34296875 0.7382629107981221 0.0140625 0.07511737089201878
0 0.159375 0.7370892018779343 0.0171875 0.06103286384976526
0 0.2453125 0.7347417840375586 0.0234375 0.07511737089201878
0 0.3265625 0.7406103286384976 0.021875 0.09154929577464789
0 0.56015625 0.7946009389671361 0.040625 0.2112676056338028
0 0.37265625 0.7394366197183099 0.0203125 0.0892018779342723
0 0.3125 0.7241784037558685 0.01875 0.046948356807511735