0 0.92890625 0.5035128805620609 0.021875 0.13114754098360656
0 0.98046875 0.5269320843091335 0.0375 0.18266978922716628
0 0.77421875 0.5245901639344263 0.0203125 0.11943793911007025
0 0.80625 0.5105386416861827 0.0265625 0.12646370023419204
0 0.8875 0.5046838407494145 0.0234375 0.13114754098360656
0 0.76953125 0.45550351288056207 0.0109375 0.0234192037470726
0 0.1734375 0.5105386416861827 0.0171875 0.06791569086651054
0 0.146875 0.5070257611241218 0.0140625 0.07494145199063232
0 0.9375 0.47892271662763464 0.009375 0.03747072599531616
0 0.8671875 0.5199063231850117 0.0328125 0.1522248243559719
0 0.91484375 0.5081967213114754 0.0203125 0.11943793911007025
0 0.1578125 0.5128805620608899 0.0140625 0.0585480093676815
0 0.78984375 0.4882903981264637 0.0125 0.05152224824355972
