0 0.88828125 0.6424474187380497 0.109375 0.2944550669216061
0 0.1640625 0.5210325047801148 0.0609375 0.15487571701720843
0 0.41015625 0.6749521988527725 0.4125 0.6309751434034416
0 0.075 0.5353728489483748 0.0234375 0.09177820267686425
0 0.03515625 0.5239005736137667 0.0203125 0.06692160611854685
0 0.0578125 0.5229445506692161 0.0171875 0.06500956022944551
0 0.5015625 0.5850860420650096 0.1359375 0.3919694072657744
0 0.21875 0.652963671128107 0.1203125 0.4359464627151052
0 0.1140625 0.5592734225621415 0.06875 0.20650095602294455
0 0.12890625 0.4818355640535373 0.025 0.040152963671128104
