0 0.78828125 0.25833333333333336 0.1046875 0.29375
0 0.915625 0.2760416666666667 0.0921875 0.35833333333333334
0 0.7 0.25625 0.0734375 0.17916666666666667
0 0.59921875 0.19375 0.090625 0.24375
0 0.54375 0.16770833333333332 0.03125 0.09375
0 0.51171875 0.17291666666666666 0.0640625 0.12083333333333333
0 0.4875 0.13854166666666667 0.0234375 0.06666666666666667
0 0.4546875 0.15520833333333334 0.0453125 0.14166666666666666
0 0.16484375 0.12395833333333334 0.0296875 0.07708333333333334
0 0.378125 0.17083333333333334 0.059375 0.15
0 0.83828125 0.22916666666666666 0.0453125 0.22083333333333333
0 0.72265625 0.146875 0.0296875 0.06041666666666667
0 0.12265625 0.11666666666666667 0.0375 0.06458333333333334