0 0.26484375 0.6533018867924528 0.08125 0.37264150943396224
0 0.91015625 0.5306603773584906 0.05 0.10849056603773585
0 0.6328125 0.7075471698113207 0.09375 0.4221698113207547
0 0.80703125 0.6591981132075472 0.1015625 0.419811320754717
0 0.12890625 0.6391509433962265 0.078125 0.3561320754716981
0 0.04921875 0.6403301886792453 0.0890625 0.3113207547169811
0 0.4703125 0.7617924528301887 0.0984375 0.4693396226415094
0 0.56953125 0.7122641509433962 0.06875 0.4080188679245283
0 0.23671875 0.5507075471698113 0.05 0.17688679245283018
0 0.865625 0.5306603773584906 0.046875 0.14858490566037735
0 0.45390625 0.7476415094339622 0.10625 0.4339622641509434
0 0.31484375 0.6084905660377359 0.053125 0.2665094339622642
0 0.35625 0.6485849056603774 0.08125 0.294811320754717