0 0.6093333333333333 0.742 0.23466666666666666 0.462
0 0.2786666666666667 0.745 0.264 0.422
0 0.7213333333333334 0.593 0.02666666666666667 0.058
0 0.7466666666666667 0.582 0.016 0.018
0 0.2613333333333333 0.57 0.018666666666666668 0.03
0 0.9426666666666667 0.614 0.034666666666666665 0.034
0 0.936 0.581 0.016 0.028
0 0.05333333333333334 0.582 0.024 0.048
0 0.19333333333333333 0.588 0.029333333333333333 0.028
0 0.7733333333333333 0.584 0.021333333333333333 0.028
0 0.13066666666666665 0.585 0.016 0.05
0 0.9786666666666667 0.586 0.024 0.026
0 0.24266666666666667 0.577 0.024 0.016