0 0.4435146443514644 0.45078125 0.12133891213389121 0.1875
0 0.3389121338912134 0.65859375 0.4916317991631799 0.3609375
0 0.448744769874477 0.26875 0.03765690376569038 0.05
0 0.7834728033472803 0.665625 0.3075313807531381 0.284375
0 0.5010460251046025 0.26875 0.03138075313807531 0.0328125
0 0.06485355648535565 0.60234375 0.12343096234309624 0.2875
0 0.1788702928870293 0.2640625 0.0397489539748954 0.04375
0 0.25418410041841005 0.26484375 0.04811715481171548 0.03125
0 0.5428870292887029 0.65078125 0.2615062761506276 0.2046875
0 0.698744769874477 0.15390625 0.012552301255230125 0.0171875
0 0.8629707112970711 0.9609375 0.19456066945606695 0.078125
0 0.48535564853556484 0.2234375 0.03347280334728033 0.028125
0 0.9435146443514645 0.21171875 0.027196652719665274 0.040625