0 0.582 0.7901785714285714 0.038 0.08630952380952381
0 0.227 0.7083333333333334 0.014 0.05952380952380952
0 0.481 0.7083333333333334 0.02 0.0625
0 0.618 0.7842261904761905 0.036 0.08333333333333333
0 0.551 0.7008928571428571 0.014 0.047619047619047616
0 0.519 0.7038690476190477 0.016 0.03571428571428571
0 0.557 0.7886904761904762 0.024 0.0744047619047619
0 0.589 0.7351190476190477 0.042 0.09226190476190477
0 0.904 0.8720238095238095 0.048 0.12797619047619047
0 0.342 0.6904761904761905 0.016 0.08928571428571429
0 0.736 0.7663690476190477 0.054 0.08630952380952381
0 0.527 0.6651785714285714 0.016 0.03571428571428571
0 0.413 0.7038690476190477 0.018 0.05357142857142857
