0 0.4625 0.4368932038834951 0.1625 0.6140776699029126
0 0.27890625 0.5837378640776699 0.240625 0.8058252427184466
0 0.12890625 0.49393203883495146 0.2578125 0.9878640776699029
0 0.6625 0.5 0.51875 1
0 0.61640625 0.3483009708737864 0.040625 0.15048543689320387
0 0.5671875 0.35436893203883496 0.0546875 0.22572815533980584
0 0.34921875 0.32281553398058255 0.0546875 0.22815533980582525
0 0.36640625 0.5012135922330098 0.0734375 0.15776699029126215
0 0.65703125 0.2936893203883495 0.0484375 0.10194174757281553
0 0.16171875 0.29004854368932037 0.0890625 0.18932038834951456
0 0.1671875 0.2087378640776699 0.053125 0.08980582524271845