0 0.2826797385620915 0.6225490196078431 0.12091503267973856 0.35130718954248363
0 0.38235294117647056 0.440359477124183 0.0784313725490196 0.1503267973856209
0 0.4493464052287582 0.29901960784313725 0.021241830065359478 0.05718954248366013
0 0.545751633986928 0.2973856209150327 0.032679738562091505 0.06699346405228758
0 0.6797385620915033 0.3333333333333333 0.0457516339869281 0.11764705882352941
0 0.7165032679738562 0.30718954248366015 0.029411764705882353 0.06209150326797386
0 0.8611111111111112 0.2834967320261438 0.04738562091503268 0.15196078431372548
0 0.8308823529411765 0.29248366013071897 0.049019607843137254 0.09803921568627451
0 0.5669934640522876 0.6429738562091504 0.15359477124183007 0.3758169934640523
0 0.46486928104575165 0.28104575163398693 0.042483660130718956 0.09640522875816994
0 0.5743464052287581 0.2769607843137255 0.03431372549019608 0.08823529411764706
0 0.23284313725490197 0.35947712418300654 0.07679738562091504 0.1977124183006536
0 0.6339869281045751 0.27941176470588236 0.027777777777777776 0.08986928104575163
