0 0.36171875 0.39227166276346603 0.0703125 0.2388758782201405
0 0.8703125 0.3583138173302108 0.0890625 0.2786885245901639
0 0.2078125 0.4566744730679157 0.1375 0.3114754098360656
0 0.06171875 0.3911007025761124 0.071875 0.25526932084309134
0 0.93203125 0.26346604215456676 0.0328125 0.15690866510538642
0 0.94765625 0.24473067915690866 0.028125 0.117096018735363
0 0.6796875 0.2423887587822014 0.0359375 0.17798594847775176
0 0.82734375 0.2259953161592506 0.040625 0.17096018735362997
0 0.33984375 0.2962529274004684 0.05625 0.1522248243559719
0 0.2 0.2857142857142857 0.04375 0.1405152224824356
0 0.47734375 0.3700234192037471 0.084375 0.2388758782201405
0 0.2390625 0.3524590163934426 0.0546875 0.23185011709601874
0 0.88984375 0.21779859484777517 0.025 0.06557377049180328
