0 0.41640625 0.3009367681498829 0.1453125 0.5128805620608899
0 0.61640625 0.3091334894613583 0.11875 0.3231850117096019
0 0.60546875 0.5655737704918032 0.115625 0.3395784543325527
0 0.484375 0.6381733021077284 0.1328125 0.2505854800936768
0 0.359375 0.6885245901639344 0.1296875 0.2646370023419204
0 0.7453125 0.49882903981264637 0.0921875 0.22482435597189696
0 0.6484375 0.4648711943793911 0.0328125 0.03981264637002342
0 0.70390625 0.522248243559719 0.1265625 0.21779859484777517
0 0.32578125 0.6604215456674473 0.075 0.23653395784543327
0 0.103125 0.07377049180327869 0.08125 0.14754098360655737
0 0.5625 0.5011709601873536 0.0578125 0.16627634660421545