0 0.30078125 0.6604215456674473 0.078125 0.34660421545667447
0 0.88125 0.6252927400468384 0.084375 0.31381733021077285
0 0.40703125 0.5163934426229508 0.0390625 0.10070257611241218
0 0.47734375 0.6826697892271663 0.0625 0.3372365339578454
0 0.5125 0.6709601873536299 0.0484375 0.33489461358313816
0 0.53515625 0.6311475409836066 0.04375 0.32084309133489464
0 0.590625 0.6651053864168618 0.0515625 0.3091334894613583
0 0.640625 0.65807962529274 0.071875 0.3255269320843091
0 0.66640625 0.5128805620608899 0.0328125 0.08665105386416862
0 0.36328125 0.667447306791569 0.09375 0.3747072599531616
0 0.584375 0.5105386416861827 0.0453125 0.08899297423887588
0 0.41953125 0.7412177985948478 0.053125 0.3091334894613583
0 0.4296875 0.5866510538641686 0.065625 0.1873536299765808