0 0.896875 0.5633802816901409 0.20625 0.8732394366197183
0 0.471875 0.49061032863849763 0.084375 0.1807511737089202
0 0.7 0.5586854460093896 0.075 0.31690140845070425
0 0.8109375 0.5938967136150235 0.075 0.42018779342723006
0 0.36875 0.5187793427230047 0.0609375 0.19014084507042253
0 0.21328125 0.4988262910798122 0.11875 0.2605633802816901
0 0.45546875 0.5669014084507042 0.0671875 0.13145539906103287
0 0.5421875 0.5363849765258216 0.0578125 0.22065727699530516
0 0.78984375 0.47300469483568075 0.0390625 0.09859154929577464
0 0.3359375 0.4612676056338028 0.015625 0.04225352112676056
0 0.321875 0.49765258215962443 0.0390625 0.09859154929577464
0 0.4046875 0.6807511737089202 0.0734375 0.4154929577464789
0 0.27578125 0.5751173708920188 0.1 0.2300469483568075