0 0.309375 0.628428927680798 0.0078125 0.02743142144638404
0 0.33671875 0.6496259351620948 0.0046875 0.022443890274314215
0 0.315625 0.6620947630922693 0.0140625 0.02493765586034913
0 0.35859375 0.6458852867830424 0.0140625 0.05236907730673317
0 0.23515625 0.6508728179551122 0.015625 0.08728179551122195
0 0.16796875 0.6359102244389028 0.0390625 0.017456359102244388
0 0.0546875 0.6334164588528678 0.0171875 0.032418952618453865
0 0.8875 0.6259351620947631 0.0078125 0.017456359102244388
0 0.31796875 0.6733167082294265 0.0109375 0.014962593516209476
0 0.8484375 0.672069825436409 0.0078125 0.014962593516209476
0 0.303125 0.628428927680798 0.009375 0.02743142144638404
0 0.1796875 0.6172069825436409 0.021875 0.017456359102244388