0 0.3859375 0.53125 0.128125 0.2875
0 0.6515625 0.44583333333333336 0.0703125 0.15208333333333332
0 0.2625 0.3729166666666667 0.021875 0.08125
0 0.16953125 0.3614583333333333 0.0171875 0.0375
0 0.2875 0.3875 0.0234375 0.07708333333333334
0 0.76484375 0.3572916666666667 0.0078125 0.03125
0 0.6921875 0.36666666666666664 0.0125 0.035416666666666666
0 0.4671875 0.35833333333333334 0.01875 0.03958333333333333
0 0.1515625 0.3697916666666667 0.0203125 0.03958333333333333
0 0.5484375 0.3541666666666667 0.0140625 0.027083333333333334
0 0.90859375 0.36770833333333336 0.0109375 0.022916666666666665
0 0.16953125 0.39791666666666664 0.0421875 0.08333333333333333
