0 0.20078125 0.5614583333333333 0.0296875 0.075
0 0.43515625 0.5708333333333333 0.025 0.07291666666666667
0 0.33359375 0.5729166666666666 0.0484375 0.07083333333333333
0 0.53671875 0.5666666666666667 0.0265625 0.06875
0 0.61640625 0.5572916666666666 0.034375 0.07291666666666667
0 0.7453125 0.5322916666666667 0.034375 0.052083333333333336
0 0.72109375 0.5510416666666667 0.021875 0.04375
0 0.22734375 0.55 0.0171875 0.01875
0 0.17890625 0.5510416666666667 0.025 0.05625
0 0.1421875 0.5625 0.0171875 0.029166666666666667
0 0.12109375 0.5520833333333334 0.0140625 0.03125
0 0.65 0.5552083333333333 0.034375 0.06875
0 0.2890625 0.5385416666666667 0.01875 0.022916666666666665