0 0.25703125 0.6827133479212254 0.3265625 0.6345733041575492
0 0.33125 0.7986870897155361 0.034375 0.06345733041575492
0 0.453125 0.8358862144420132 0.0984375 0.16849015317286653
0 0.546875 0.8818380743982495 0.1421875 0.2363238512035011
0 0.678125 0.8665207877461707 0.16875 0.2538293216630197
0 0.4765625 0.9310722100656456 0.1015625 0.13785557986870897
0 0.92734375 0.9026258205689278 0.1453125 0.19474835886214442
0 0.4453125 0.9431072210065645 0.059375 0.1137855579868709
0 0.05546875 0.8260393873085339 0.109375 0.34573304157549234
0 0.8796875 0.8698030634573304 0.228125 0.2275711159737418
0 0.00134508125 0.0016214113785557986 0.0003822515625 0.00113354704595186