0 0.3770833333333333 0.71484375 0.74375 0.54375
0 0.7666666666666667 0.4109375 0.37083333333333335 0.246875
0 0.9541666666666667 0.52265625 0.0875 0.534375
0 0.25 0.76328125 0.5 0.45625
0 0.3260416666666667 0.3609375 0.125 0.1015625
0 0.475 0.36015625 0.20625 0.2140625
0 0.896875 0.38203125 0.14166666666666666 0.134375
0 0.18125 0.2515625 0.3625 0.49375
0 0.7145833333333333 0.7953125 0.40208333333333335 0.409375
0 0.646875 0.34296875 0.19583333333333333 0.253125
0 0.0016800791666666667 0.00024134531249999999 0.0008065104166666666 0.0003755125
0 0.61875 0.634375 0.19583333333333333 0.2515625