0 0.7109375 0.4895833333333333 0.0671875 0.25416666666666665
0 0.2671875 0.759375 0.0921875 0.27291666666666664
0 0.175 0.7645833333333333 0.0625 0.28958333333333336
0 0.89453125 0.46979166666666666 0.025 0.07291666666666667
0 0.85859375 0.4947916666666667 0.0359375 0.05
0 0.9 0.5416666666666666 0.0359375 0.06458333333333334
0 0.953125 0.4708333333333333 0.0359375 0.0625
0 0.96796875 0.45625 0.0171875 0.03958333333333333
0 0.8140625 0.4875 0.028125 0.07708333333333334
0 0.8875 0.41458333333333336 0.0171875 0.041666666666666664
0 0.9125 0.48333333333333334 0.0328125 0.052083333333333336