0 0.89921875 0.46770833333333334 0.025 0.0625
0 0.94765625 0.4666666666666667 0.0234375 0.06041666666666667
0 0.38515625 0.47604166666666664 0.0125 0.029166666666666667
0 0.40546875 0.46979166666666666 0.021875 0.06875
0 0.42109375 0.46770833333333334 0.0125 0.06041666666666667
0 0.5 0.459375 0.015625 0.03958333333333333
0 0.17109375 0.446875 0.0125 0.016666666666666666
0 0.084375 0.44375 0.00625 0.004166666666666667
0 0.403125 0.46875 0.009375 0.04583333333333333
0 0.14375 0.45 0.0046875 0.008333333333333333
0 0.48359375 0.475 0.00625 0.0125
0 0.06640625 0.44479166666666664 0.00625 0.008333333333333333