0 0.87734375 0.7776470588235294 0.1078125 0.4235294117647059
0 0.71640625 0.5623529411764706 0.1640625 0.3247058823529412
0 0.40390625 0.5517647058823529 0.1359375 0.32235294117647056
0 0.28046875 0.5470588235294118 0.1234375 0.31529411764705884
0 0.14453125 0.5247058823529411 0.134375 0.3388235294117647
0 0.11796875 0.8058823529411765 0.09375 0.38823529411764707
0 0.21171875 0.7447058823529412 0.1140625 0.26588235294117646
0 0.2765625 0.7 0.0671875 0.18588235294117647
0 0.32109375 0.7011764705882353 0.0921875 0.18823529411764706
0 0.6 0.7070588235294117 0.071875 0.15529411764705883
0 0.4015625 0.7023529411764706 0.0921875 0.20705882352941177
0 0.56875 0.571764705882353 0.1546875 0.3764705882352941
0 0.484375 0.7058823529411765 0.0859375 0.10823529411764705