0 0.87578125 0.6854166666666667 0.0921875 0.3104166666666667
0 0.046875 0.6791666666666667 0.09375 0.6208333333333333
0 0.17421875 0.6916666666666667 0.1609375 0.4395833333333333
0 0.3484375 0.6135416666666667 0.096875 0.42291666666666666
0 0.24375 0.6625 0.090625 0.26666666666666666
0 0.4328125 0.6135416666666667 0.0578125 0.29583333333333334
0 0.7 0.61875 0.05 0.25416666666666665
0 0.80703125 0.5666666666666667 0.0359375 0.15
0 0.6125 0.6114583333333333 0.08125 0.30416666666666664
0 0.746875 0.6302083333333334 0.0453125 0.20208333333333334
0 0.76328125 0.5364583333333334 0.0453125 0.12291666666666666
0 0.1546875 0.4552083333333333 0.0328125 0.03958333333333333
0 0.540625 0.6145833333333334 0.11875 0.45
