0 0.5046875 0.7252906976744186 0.109375 0.32848837209302323
0 0.59921875 0.6308139534883721 0.0328125 0.13662790697674418
0 0.44921875 0.6613372093023255 0.0171875 0.055232558139534885
0 0.85625 0.6177325581395349 0.0515625 0.1511627906976744
0 0.32265625 0.6744186046511628 0.0140625 0.020348837209302327
0 0.10390625 0.7906976744186046 0.0203125 0.06395348837209303
0 0.04375 0.8357558139534884 0.0390625 0.0755813953488372
0 0.0109375 0.873546511627907 0.021875 0.061046511627906974
0 0.365625 0.6700581395348837 0.0109375 0.03488372093023256
0 0.17734375 0.7834302325581395 0.025 0.08430232558139535
0 0.83359375 0.6322674418604651 0.0265625 0.11337209302325581
0 0.6828125 0.5813953488372093 0.0109375 0.023255813953488372
0 0.35703125 0.6700581395348837 0.009375 0.03197674418604651