0 0.08828125 0.8049065420560748 0.0125 0.0630841121495327
0 0.01015625 0.8235981308411215 0.0203125 0.13317757009345793
0 0.0546875 0.8271028037383178 0.034375 0.1191588785046729
0 0.625 0.8072429906542056 0.0171875 0.09813084112149532
0 0.60078125 0.7955607476635514 0.0171875 0.07476635514018691
0 0.58984375 0.7908878504672897 0.0140625 0.0794392523364486
0 0.04375 0.7862149532710281 0.0203125 0.030373831775700934
0 0.6421875 0.7686915887850467 0.015625 0.03271028037383177
0 0.67734375 0.8072429906542056 0.01875 0.09345794392523364
0 0.64140625 0.8165887850467289 0.015625 0.07242990654205607
0 0.33359375 0.802570093457944 0.021875 0.0794392523364486
0 0.11015625 0.7967289719626168 0.0140625 0.06775700934579439
0 0.71875 0.7908878504672897 0.01875 0.08177570093457943
