0 0.31640625 0.33541666666666664 0.0609375 0.13333333333333333
0 0.33984375 0.4739583333333333 0.1 0.26875
0 0.53671875 0.36666666666666664 0.0359375 0.13125
0 0.5796875 0.33958333333333335 0.015625 0.06666666666666667
0 0.25 0.37395833333333334 0.0578125 0.17083333333333334
0 0.053125 0.35208333333333336 0.015625 0.04791666666666667
0 0.796875 0.33229166666666665 0.0125 0.022916666666666665
0 0.36640625 0.475 0.059375 0.13541666666666666
0 0.41484375 0.36770833333333336 0.0421875 0.11041666666666666
0 0.125 0.3458333333333333 0.015625 0.04375
0 0.1625 0.3458333333333333 0.0171875 0.04375
0 0.1890625 0.34270833333333334 0.0078125 0.03125
0 0.68203125 0.32708333333333334 0.0109375 0.03333333333333333