0 0.70390625 0.6152941176470588 0.0140625 0.03764705882352941
0 0.63046875 0.6047058823529412 0.0203125 0.058823529411764705
0 0.76796875 0.768235294117647 0.03125 0.1011764705882353
0 0.6546875 0.5823529411764706 0.0078125 0.02588235294117647
0 0.9265625 0.8894117647058823 0.0421875 0.17882352941176471
0 0.690625 0.7211764705882353 0.01875 0.11764705882352941
0 0.75703125 0.6764705882352942 0.0265625 0.07764705882352942
0 0.73828125 0.6517647058823529 0.009375 0.04941176470588235
0 0.6671875 0.5976470588235294 0.0078125 0.03058823529411765
0 0.73984375 0.7635294117647059 0.0171875 0.07764705882352942
0 0.675 0.6105882352941177 0.0125 0.023529411764705882
0 0.61484375 0.591764705882353 0.0125 0.04