0 0.00152633125 0.0018865901639344262 0.0000723390625 0.0009106604215456674
0 0.81796875 0.7096018735362998 0.10625 0.49882903981264637
0 0.77578125 0.5819672131147541 0.0578125 0.35362997658079626
0 0.73046875 0.5585480093676815 0.084375 0.3911007025761124
0 0.83828125 0.4449648711943794 0.0875 0.19672131147540983
0 0.56015625 0.5163934426229508 0.0609375 0.2693208430913349
0 0.31875 0.531615925058548 0.1328125 0.44730679156908665
0 0.45390625 0.6451990632318502 0.1484375 0.4847775175644028
0 0.37421875 0.4215456674473068 0.04375 0.12646370023419204
0 0.24140625 0.5257611241217799 0.0734375 0.36768149882903983
0 0.4171875 0.42271662763466045 0.0609375 0.11943793911007025
0 0.61328125 0.5081967213114754 0.0609375 0.28337236533957844
0 0.1078125 0.6288056206088993 0.215625 0.5175644028103045