0 0.78515625 0.7416666666666667 0.009375 0.025
0 0.77734375 0.7427083333333333 0.0078125 0.027083333333333334
0 0.41484375 0.71875 0.0046875 0.020833333333333332
0 0.559375 0.7541666666666667 0.0109375 0.03333333333333333
0 0.48359375 0.7166666666666667 0.0046875 0.016666666666666666
0 0.50234375 0.7166666666666667 0.0125 0.025
0 0.375 0.7145833333333333 0.0078125 0.0125
0 0.95078125 0.7416666666666667 0.0078125 0.01875
0 0.4484375 0.778125 0.009375 0.020833333333333332
0 0.38515625 0.7145833333333333 0.0078125 0.010416666666666666
0 0.5453125 0.75625 0.0140625 0.025
0 0.43671875 0.709375 0.00625 0.014583333333333334
0 0.44453125 0.7145833333333333 0.00625 0.014583333333333334
