0 0.13046875 0.5573770491803278 0.028125 0.07962529274004684
0 0.000063659375 0.0019439320843091335 0.0001056890625 0.0007959789227166276
0 0.30703125 0.7259953161592506 0.1109375 0.3091334894613583
0 0.06953125 0.6030444964871194 0.0453125 0.09601873536299765
0 0.10078125 0.5608899297423887 0.0484375 0.10304449648711944
0 0.15625 0.6206088992974239 0.053125 0.16393442622950818
0 0.15546875 0.5105386416861827 0.0484375 0.11475409836065574
0 0.17109375 0.4484777517564403 0.0265625 0.11241217798594848
0 0.06875 0.7576112412177985 0.05 0.30679156908665106
0 0.23046875 0.48711943793911006 0.0265625 0.11943793911007025
0 0.01875 0.6065573770491803 0.0375 0.117096018735363
0 0.309375 0.3864168618266979 0.0265625 0.1053864168618267
0 0.0203125 0.6990632318501171 0.0390625 0.17096018735362997
