0 0.1875 0.5885416666666666 0.1109375 0.36666666666666664
0 0.3875 0.471875 0.0375 0.09166666666666666
0 0.00071741875 0.0015079 0.00028776875 0.00115086875
0 0.64609375 0.37604166666666666 0.0234375 0.05
0 0.678125 0.4166666666666667 0.0125 0.022916666666666665
0 0.00090025625 0.00151961875 0.0001786375 0.00112743125
0 0.35859375 0.49375 0.065625 0.11875
0 0.0828125 0.5833333333333334 0.096875 0.37083333333333335
0 0.5078125 0.43645833333333334 0.0453125 0.075
0 0.64140625 0.4375 0.0453125 0.08125
0 0.6 0.43333333333333335 0.046875 0.07916666666666666
0 0.725 0.4354166666666667 0.021875 0.03958333333333333
0 0.7515625 0.471875 0.046875 0.07083333333333333