0 0.4207516339869281 0.375 0.11601307189542484 0.3088235294117647
0 0.8063725490196079 0.6160130718954249 0.12091503267973856 0.3137254901960784
0 0.8733660130718954 0.5678104575163399 0.032679738562091505 0.1111111111111111
0 0.7173202614379085 0.5334967320261438 0.04411764705882353 0.05555555555555555
0 0.9313725490196079 0.5776143790849673 0.03431372549019608 0.09640522875816994
0 0.6862745098039216 0.5147058823529411 0.03758169934640523 0.05555555555555555
0 0.1568627450980392 0.5187908496732027 0.0457516339869281 0.15196078431372548
0 0.04738562091503268 0.5032679738562091 0.05228758169934641 0.1715686274509804
0 0.9093137254901961 0.5759803921568627 0.03594771241830065 0.10130718954248366
0 0.20261437908496732 0.5098039215686274 0.05065359477124183 0.1503267973856209
0 0.11437908496732026 0.5171568627450981 0.06209150326797386 0.15522875816993464
0 0.9771241830065359 0.5661764705882353 0.04411764705882353 0.08986928104575163
0 0.2589869281045752 0.4632352941176471 0.03758169934640523 0.0457516339869281