0 0.7234375 0.4007009345794392 0.1171875 0.2967289719626168
0 0.10234375 0.8014018691588785 0.1421875 0.37616822429906543
0 0.5859375 0.1413551401869159 0.0453125 0.10747663551401869
0 0.27265625 0.16238317757009346 0.0578125 0.1588785046728972
0 0.32734375 0.018691588785046728 0.0125 0.03271028037383177
0 0.88671875 0.06191588785046729 0.0359375 0.04205607476635514
0 0.91875 0.4672897196261682 0.065625 0.17523364485981308
0 0.95859375 0.4380841121495327 0.0828125 0.2616822429906542
0 0.2015625 0.026869158878504672 0.0171875 0.04439252336448598
0 0.23046875 0.02570093457943925 0.0140625 0.0514018691588785
0 0.909375 0.0630841121495327 0.0234375 0.04205607476635514
0 0.89765625 0.4264018691588785 0.065625 0.10046728971962617
0 0.98828125 0.05957943925233645 0.0234375 0.030373831775700934