0 0.41015625 0.43125 0.0828125 0.09166666666666666
0 0.47890625 0.425 0.04375 0.06041666666666667
0 0.45703125 0.45729166666666665 0.0296875 0.03125
0 0.57109375 0.415625 0.0375 0.03958333333333333
0 0.4546875 0.43333333333333335 0.0421875 0.06041666666666667
0 0.5359375 0.4197916666666667 0.021875 0.04375
0 0.7421875 0.42916666666666664 0.0140625 0.0625
0 0.85234375 0.41354166666666664 0.009375 0.025
0 0.83828125 0.43645833333333334 0.0140625 0.058333333333333334
0 0.78515625 0.43854166666666666 0.0171875 0.05416666666666667
0 0.5171875 0.43125 0.0078125 0.0125
0 0.64296875 0.41875 0.0078125 0.008333333333333333