0 0.2640625 0.5572429906542056 0.1390625 0.6004672897196262
0 0.13203125 0.4322429906542056 0.046875 0.20327102803738317
0 0.4359375 0.411214953271028 0.01875 0.16355140186915887
0 0.9859375 0.477803738317757 0.028125 0.1261682242990654
0 0.7046875 0.48014018691588783 0.0421875 0.13317757009345793
0 0.8953125 0.5257009345794392 0.0484375 0.2336448598130841
0 0.62265625 0.514018691588785 0.0640625 0.1985981308411215
0 0.946875 0.5759345794392523 0.04375 0.1425233644859813
0 0.159375 0.5116822429906542 0.065625 0.29906542056074764
0 0.6796875 0.4766355140186916 0.0578125 0.14953271028037382
0 0.48125 0.4310747663551402 0.034375 0.08878504672897196
0 0.7890625 0.4871495327102804 0.0265625 0.0911214953271028
0 0.56171875 0.6191588785046729 0.084375 0.5841121495327103