0 0.28046875 0.5 0.115625 0.35664335664335667
0 0.171875 0.5512820512820513 0.0609375 0.17249417249417248
0 0.95 0.5268065268065268 0.0984375 0.3076923076923077
0 0.7375 0.5769230769230769 0.0734375 0.34032634032634035
0 0.81875 0.513986013986014 0.046875 0.1655011655011655
0 0.86328125 0.534965034965035 0.0234375 0.1282051282051282
0 0.43359375 0.5407925407925408 0.06875 0.22144522144522144
0 0.5984375 0.5384615384615384 0.015625 0.07226107226107226
0 0.40546875 0.5372960372960373 0.034375 0.14219114219114218
0 0.515625 0.506993006993007 0.0453125 0.07925407925407925
0 0.36640625 0.5501165501165501 0.0296875 0.10722610722610723
0 0.65 0.5326340326340326 0.025 0.08158508158508158
0 0.084375 0.5804195804195804 0.065625 0.13752913752913754