0 0.48828125 0.3469626168224299 0.0265625 0.06542056074766354
0 0.52265625 0.38317757009345793 0.065625 0.2102803738317757
0 0.1859375 0.5257009345794392 0.1140625 0.3177570093457944
0 0.0625 0.4030373831775701 0.0671875 0.09813084112149532
0 0.28046875 0.37850467289719625 0.0546875 0.13317757009345793
0 0.20234375 0.34345794392523366 0.1125 0.1588785046728972
0 0.59296875 0.4602803738317757 0.1015625 0.4532710280373832
0 0.6234375 0.29439252336448596 0.0140625 0.0514018691588785
0 0.15546875 0.3142523364485981 0.05625 0.12149532710280374
0 0.671875 0.6179906542056075 0.159375 0.5070093457943925
0 0.86015625 0.5584112149532711 0.0828125 0.4929906542056075
0 0.7234375 0.3691588785046729 0.05 0.035046728971962614