0 0.55546875 0.5979166666666667 0.046875 0.18541666666666667
0 0.60390625 0.6822916666666666 0.0375 0.06875
0 0.30078125 0.5135416666666667 0.021875 0.08333333333333333
0 0.70078125 0.665625 0.034375 0.03958333333333333
0 0.73203125 0.6645833333333333 0.025 0.03125
0 0.31796875 0.509375 0.03125 0.08958333333333333
0 0.35703125 0.48125 0.0328125 0.052083333333333336
0 0.3796875 0.4864583333333333 0.01875 0.04791666666666667
0 0.64375 0.6677083333333333 0.046875 0.05
0 0.865625 0.4010416666666667 0.0125 0.04375
0 0.7734375 0.40729166666666666 0.0203125 0.06666666666666667
0 0.7171875 0.4083333333333333 0.015625 0.06041666666666667
0 0.896875 0.38645833333333335 0.0140625 0.041666666666666664