0 0.19921875 0.6593567251461988 0.1671875 0.4502923976608187
0 0.7875 0.6505847953216374 0.1703125 0.4269005847953216
0 0.5203125 0.489766081871345 0.0125 0.038011695906432746
0 0.8984375 0.5380116959064327 0.0140625 0.10818713450292397
0 0.23046875 0.5160818713450293 0.0765625 0.14327485380116958
0 0.24453125 0.4956140350877193 0.0453125 0.0847953216374269
0 0.63359375 0.5467836257309941 0.103125 0.21637426900584794
0 0.36328125 0.5672514619883041 0.015625 0.08187134502923976
0 0.478125 0.5029239766081871 0.01875 0.07309941520467836
0 0.540625 0.5043859649122807 0.0296875 0.0935672514619883
0 0.25859375 0.4956140350877193 0.025 0.06725146198830409
0 0.52890625 0.5029239766081871 0.0109375 0.06140350877192982
0 0.58046875 0.5087719298245614 0.0328125 0.14327485380116958