0 0.3078125 0.41354166666666664 0.0328125 0.10416666666666667
0 0.5078125 0.42291666666666666 0.01875 0.08541666666666667
0 0.3609375 0.42604166666666665 0.01875 0.08958333333333333
0 0.45078125 0.43854166666666666 0.0296875 0.058333333333333334
0 0.090625 0.3854166666666667 0.084375 0.16666666666666666
0 0.4890625 0.42604166666666665 0.01875 0.08333333333333333
0 0.95078125 0.41875 0.021875 0.0625
0 0.978125 0.415625 0.0125 0.04791666666666667
0 0.9890625 0.4166666666666667 0.015625 0.05416666666666667
0 0.39609375 0.44479166666666664 0.0296875 0.052083333333333336
0 0.3984375 0.4354166666666667 0.009375 0.022916666666666665
0 0.4765625 0.41354166666666664 0.0171875 0.075
0 0.7234375 0.35 0.10625 0.3229166666666667