0 0.5796875 0.5405982905982906 0.284375 0.7542735042735043
0 0.209375 0.6506410256410257 0.28125 0.5149572649572649
0 0.88359375 0.6143162393162394 0.1859375 0.39316239316239315
0 0.78515625 0.6538461538461539 0.1484375 0.3333333333333333
0 0.37109375 0.7083333333333334 0.1046875 0.2264957264957265
0 0.12578125 0.4497863247863248 0.14375 0.7735042735042735
0 0.31171875 0.33974358974358976 0.1421875 0.25
0 0.2703125 0.15491452991452992 0.13125 0.2606837606837607
0 0.3921875 0.17735042735042736 0.125 0.17307692307692307
0 0.5015625 0.19444444444444445 0.0921875 0.15598290598290598
0 0.97421875 0.21581196581196582 0.0515625 0.10256410256410256
0 0.03828125 0.5405982905982906 0.075 0.7051282051282052
0 0.471875 0.11645299145299146 0.090625 0.20726495726495728