0 0.6086601307189542 0.5343137254901961 0.05228758169934641 0.13071895424836602
0 0.6887254901960784 0.5130718954248366 0.05718954248366013 0.08660130718954248
0 0.8316993464052288 0.5212418300653595 0.07516339869281045 0.09967320261437909
0 0.9411764705882353 0.5155228758169934 0.04411764705882353 0.10294117647058823
0 0.1830065359477124 0.5024509803921569 0.029411764705882353 0.08169934640522876
0 0.5016339869281046 0.4852941176470588 0.032679738562091505 0.07679738562091504
0 0.41911764705882354 0.49754901960784315 0.0457516339869281 0.08006535947712418
0 0.39624183006535946 0.49754901960784315 0.03594771241830065 0.0784313725490196
0 0.2630718954248366 0.4861111111111111 0.05555555555555555 0.06862745098039216
0 0.761437908496732 0.8611111111111112 0.16666666666666666 0.26633986928104575
0 0.24019607843137256 0.4714052287581699 0.017973856209150325 0.027777777777777776
0 0.7769607843137255 0.4632352941176471 0.014705882352941176 0.04411764705882353
0 0.5269607843137255 0.4714052287581699 0.026143790849673203 0.05555555555555555