0 0.4421875 0.6126760563380281 0.1546875 0.20422535211267606
0 0.39609375 0.5938967136150235 0.1203125 0.1807511737089202
0 0.38203125 0.545774647887324 0.040625 0.1267605633802817
0 0.31015625 0.5927230046948356 0.0984375 0.18544600938967137
0 0.35703125 0.5117370892018779 0.0484375 0.16666666666666666
0 0.228125 0.5539906103286385 0.1 0.17370892018779344
0 0.32265625 0.5070422535211268 0.0640625 0.10093896713615023
0 0.1859375 0.5316901408450704 0.0625 0.11267605633802817
0 0.090625 0.57981220657277 0.1234375 0.15258215962441316
0 0.28125 0.5046948356807511 0.0484375 0.13615023474178403
