0 0.4503012048192771 0.48 0.8313253012048193 0.698
0 0.0858433734939759 0.678 0.07530120481927711 0.1
0 0.21536144578313254 0.68 0.07228915662650602 0.112
0 0.2876506024096386 0.688 0.06325301204819277 0.1
0 0.3990963855421687 0.692 0.0572289156626506 0.112
0 0.9487951807228916 0.71 0.04819277108433735 0.03
0 0.8855421686746988 0.739 0.018072289156626505 0.016
0 0.5542168674698795 0.73 0.024096385542168676 0.038
0 0.6009036144578314 0.736 0.015060240963855422 0.024
0 0.5798192771084337 0.733 0.015060240963855422 0.028
0 0.34789156626506024 0.714 0.02108433734939759 0.032
0 0.9427710843373494 0.773 0.03614457831325301 0.02
0 0.3117469879518072 0.717 0.015060240963855422 0.022