0 0.25163398692810457 0.40931372549019607 0.19444444444444445 0.315359477124183
0 0.2785947712418301 0.3415032679738562 0.1568627450980392 0.2549019607843137
0 0.40931372549019607 0.2687908496732026 0.13071895424836602 0.15522875816993464
0 0.5694444444444444 0.23202614379084968 0.11601307189542484 0.21405228758169934
0 0.7124183006535948 0.2679738562091503 0.184640522875817 0.24183006535947713
0 0.8733660130718954 0.5629084967320261 0.24019607843137256 0.32516339869281047
0 0.8464052287581699 0.4444444444444444 0.1781045751633987 0.24836601307189543
0 0.00017927124183006536 0.0012382663398692812 0.0003585424836601307 0.0007914428104575164
0 0.15604575163398693 0.6429738562091504 0.31209150326797386 0.5604575163398693
0 0.576797385620915 0.12254901960784313 0.19934640522875818 0.24509803921568626
0 0.8080065359477124 0.3946078431372549 0.19444444444444445 0.3055555555555556
0 0.4616013071895425 0.8709150326797386 0.24509803921568626 0.23529411764705882
0 0.07107843137254902 0.19362745098039216 0.13725490196078433 0.3872549019607843
