0 0.225 0.551051051051051 0.064 0.2852852852852853
0 0.161 0.521021021021021 0.066 0.3033033033033033
0 0.361 0.6321321321321322 0.062 0.13213213213213212
0 0.579 0.515015015015015 0.05 0.24024024024024024
0 0.505 0.5075075075075075 0.052 0.15615615615615616
0 0.672 0.481981981981982 0.022 0.1021021021021021
0 0.303 0.6306306306306306 0.056 0.1111111111111111
0 0.356 0.4594594594594595 0.018 0.06906906906906907
0 0.387 0.47147147147147145 0.03 0.0990990990990991
0 0.284 0.48348348348348347 0.034 0.13213213213213212
0 0.62 0.47147147147147145 0.03 0.12312312312312312
0 0.852 0.551051051051051 0.096 0.3843843843843844
0 0.416 0.46996996996997 0.016 0.08408408408408409
