0 0.5536193029490617 0.567 0.27882037533512066 0.274
0 0.24396782841823056 0.831 0.30831099195710454 0.334
0 0.3445040214477212 0.296 0.1876675603217158 0.328
0 0.82171581769437 0.036 0.10991957104557641 0.072
0 0.9597855227882037 0.032 0.08042895442359249 0.064
0 0.03753351206434316 0.034 0.07506702412868632 0.064
0 0.2734584450402145 0.043 0.058981233243967826 0.086
0 0.09785522788203753 0.095 0.19571045576407506 0.076
0 0.6997319034852547 0.043 0.09115281501340483 0.086
0 0.7587131367292225 0.044 0.08847184986595175 0.076
0 0.900804289544236 0.034 0.0938337801608579 0.068
0 0.49463806970509383 0.033 0.08847184986595175 0.064
0 0.579088471849866 0.029 0.09115281501340483 0.058
