0 0.27262931034482757 0.36796875 0.08836206896551724 0.1125
0 0.34375 0.43671875 0.09267241379310345 0.18125
0 0.1540948275862069 0.37734375 0.07543103448275862 0.090625
0 0.3577586206896552 0.325 0.05172413793103448 0.046875
0 0.0894396551724138 0.36171875 0.0668103448275862 0.109375
0 0.20581896551724138 0.3953125 0.05172413793103448 0.059375
0 0.35560344827586204 0.4203125 0.07543103448275862 0.1796875
0 0.31573275862068967 0.32578125 0.032327586206896554 0.065625
0 0.02693965517241379 0.3546875 0.05387931034482758 0.0859375
0 0.11961206896551724 0.3703125 0.05818965517241379 0.0796875
0 0.02693965517241379 0.3859375 0.05387931034482758 0.1046875
0 0.39439655172413796 0.3453125 0.04525862068965517 0.0453125
0 0.23168103448275862 0.365625 0.04741379310344827 0.0984375