0 0.49921875 0.5177083333333333 0.3140625 0.5395833333333333
0 0.4015625 0.5197916666666667 0.115625 0.17916666666666667
0 0.25859375 0.5447916666666667 0.0953125 0.12291666666666666
0 0.63125 0.503125 0.1375 0.3375
0 0.83125 0.625 0.2734375 0.3333333333333333
0 0.8015625 0.3125 0.08125 0.10208333333333333
0 0.7703125 0.209375 0.0609375 0.1625
0 0.40703125 0.29791666666666666 0.0703125 0.09166666666666666
0 0.3421875 0.2989583333333333 0.0703125 0.11875
0 0.04765625 0.265625 0.0703125 0.12083333333333333
0 0.9671875 0.5020833333333333 0.065625 0.22916666666666666
0 0.1203125 0.265625 0.08125 0.13958333333333334
0 0.21796875 0.23229166666666667 0.0828125 0.20416666666666666