0 0.561 0.6173333333333333 0.036 0.08533333333333333
0 0.743 0.6466666666666666 0.048 0.14666666666666667
0 0.213 0.724 0.066 0.264
0 0.331 0.7133333333333334 0.072 0.25333333333333335
0 0.161 0.7333333333333333 0.076 0.31466666666666665
0 0.246 0.7253333333333334 0.056 0.2613333333333333
0 0.448 0.764 0.076 0.14133333333333334
0 0.058 0.736 0.086 0.2986666666666667
0 0.484 0.608 0.028 0.10666666666666667
0 0.586 0.6573333333333333 0.03 0.136
0 0.113 0.6493333333333333 0.038 0.13066666666666665
0 0.283 0.68 0.05 0.15466666666666667
0 0.285 0.6026666666666667 0.032 0.050666666666666665
