0 0.02421875 0.5035128805620609 0.021875 0.04215456674473068
0 0.365625 0.4648711943793911 0.0203125 0.0351288056206089
0 0.1015625 0.5046838407494145 0.034375 0.04449648711943794
0 0.1421875 0.5070257611241218 0.0328125 0.04215456674473068
0 0.1796875 0.5070257611241218 0.034375 0.04215456674473068
0 0.2578125 0.5058548009367682 0.03125 0.04449648711943794
0 0.2890625 0.477751756440281 0.0328125 0.03044496487119438
0 0.19921875 0.4765807962529274 0.021875 0.03044496487119438
0 0.42578125 0.47423887587822017 0.0375 0.03044496487119438
0 0.46328125 0.477751756440281 0.021875 0.02107728337236534
0 0.225 0.4765807962529274 0.0359375 0.03044496487119438
0 0.1578125 0.47423887587822017 0.0375 0.03278688524590164
0 0.6484375 0.44028103044496486 0.015625 0.02576112412177986