0 0.07265625 0.5760416666666667 0.1421875 0.825
0 0.64453125 0.490625 0.1125 0.37916666666666665
0 0.89453125 0.4395833333333333 0.1015625 0.26875
0 0.9671875 0.42291666666666666 0.065625 0.2520833333333333
0 0.79921875 0.428125 0.0671875 0.28541666666666665
0 0.7484375 0.42916666666666664 0.075 0.26666666666666666
0 0.5453125 0.40729166666666666 0.0828125 0.25625
0 0.43984375 0.38333333333333336 0.028125 0.13541666666666666
0 0.3234375 0.4479166666666667 0.05625 0.15208333333333332
0 0.49453125 0.371875 0.0390625 0.13541666666666666
0 0.47578125 0.36770833333333336 0.03125 0.12916666666666668
0 0.41484375 0.35208333333333336 0.0234375 0.09791666666666667
0 0.23828125 0.3614583333333333 0.0359375 0.10833333333333334
