0 0.2833333333333333 0.75234375 0.4791666666666667 0.4828125
0 0.7333333333333333 0.615625 0.5333333333333333 0.7453125
0 0.534375 0.58671875 0.08333333333333333 0.1765625
0 0.6270833333333333 0.59453125 0.03958333333333333 0.1390625
0 0.5864583333333333 0.55234375 0.0625 0.05
0 0.7125 0.59375 0.06458333333333334 0.1578125
0 0.7760416666666666 0.58359375 0.1 0.19375
0 0.6041666666666666 0.62578125 0.07291666666666667 0.0921875
0 0.035416666666666666 0.57265625 0.03125 0.0421875
0 0.23541666666666666 0.52265625 0.03333333333333333 0.015625
0 0.19895833333333332 0.528125 0.0375 0.028125
0 0.478125 0.5828125 0.020833333333333332 0.025
0 0.42604166666666665 0.57109375 0.022916666666666665 0.01875