0 0.215625 0.4953161592505855 0.1421875 0.3629976580796253
0 0.5390625 0.5163934426229508 0.10625 0.3957845433255269
0 0.878125 0.5327868852459017 0.0484375 0.18266978922716628
0 0.31484375 0.43676814988290397 0.0484375 0.09836065573770492
0 0.1671875 0.45550351288056207 0.0296875 0.11241217798594848
0 0.75625 0.5199063231850117 0.028125 0.15456674473067916
0 0.0296875 0.4203747072599532 0.040625 0.09133489461358314
0 0.73046875 0.5210772833723654 0.0296875 0.16159250585480095
0 0.8328125 0.5362997658079626 0.0234375 0.1451990632318501
0 0.6234375 0.46604215456674475 0.0203125 0.06088992974238876
0 0.628125 0.4718969555035129 0.0265625 0.05152224824355972
0 0.80703125 0.5257611241217799 0.01875 0.07728337236533958
0 0.1046875 0.4203747072599532 0.0296875 0.08430913348946135