0 0.15078125 0.5104166666666666 0.009375 0.0375
0 0.1375 0.5135416666666667 0.0140625 0.04583333333333333
0 0.1046875 0.5104166666666666 0.0109375 0.041666666666666664
0 0.0890625 0.50625 0.009375 0.029166666666666667
0 0.12421875 0.5145833333333333 0.0109375 0.04791666666666667
0 0.16796875 0.5083333333333333 0.0140625 0.04583333333333333
0 0.4 0.3770833333333333 0.0390625 0.20416666666666666
0 0.4640625 0.48333333333333334 0.0734375 0.19166666666666668
0 0.14453125 0.5114583333333333 0.0078125 0.05
0 0.16171875 0.5041666666666667 0.0078125 0.03958333333333333
0 0.53984375 0.475 0.071875 0.20416666666666666
0 0.3453125 0.3854166666666667 0.0390625 0.19375
0 0.36796875 0.3697916666666667 0.028125 0.21875