0 0.12890625 0.7174418604651163 0.2578125 0.5604651162790698
0 0.21015625 0.6116279069767442 0.14375 0.4069767441860465
0 0.3359375 0.5395348837209303 0.09375 0.3395348837209302
0 0.56640625 0.7011627906976744 0.2328125 0.5744186046511628
0 0.62734375 0.4848837209302326 0.0828125 0.17209302325581396
0 0.753125 0.5209302325581395 0.165625 0.26046511627906976
0 0.87265625 0.5686046511627907 0.16875 0.26744186046511625
0 0.4265625 0.5593023255813954 0.10625 0.38372093023255816
0 0.89609375 0.6941860465116279 0.203125 0.5790697674418605
0 0.68671875 0.49767441860465117 0.0890625 0.19767441860465115
