0 0.7078125 0.8052083333333333 0.040625 0.06458333333333334
0 0.609375 0.6635416666666667 0.0171875 0.04791666666666667
0 0.84453125 0.8135416666666667 0.040625 0.11041666666666666
0 0.490625 0.684375 0.015625 0.052083333333333336
0 0.971875 0.878125 0.05625 0.20208333333333334
0 0.5578125 0.5875 0.0109375 0.029166666666666667
0 0.0375 0.6833333333333333 0.0265625 0.035416666666666666
0 0.92890625 0.871875 0.05 0.23125
0 0.584375 0.584375 0.0046875 0.016666666666666666
0 0.6296875 0.6572916666666667 0.0140625 0.04583333333333333
0 0.471875 0.6885416666666667 0.0140625 0.04375