0 0.6546875 0.8055555555555556 0.009375 0.027777777777777776
0 0.62890625 0.8180555555555555 0.0140625 0.03611111111111111
0 0.76328125 0.8152777777777778 0.0125 0.03611111111111111
0 0.89921875 0.8083333333333333 0.0109375 0.030555555555555555
0 0.96953125 0.7819444444444444 0.0109375 0.027777777777777776
0 0.9546875 0.7847222222222222 0.0140625 0.025
0 0.68671875 0.8111111111111111 0.0078125 0.04722222222222222
0 0.721875 0.8208333333333333 0.0109375 0.027777777777777776
0 0.7875 0.8180555555555555 0.0109375 0.027777777777777776
0 0.63984375 0.825 0.0109375 0.016666666666666666
0 0.67890625 0.8277777777777777 0.0078125 0.013888888888888888
0 0.8046875 0.8152777777777778 0.015625 0.030555555555555555