0 0.42003367003367004 0.54765625 0.5050505050505051 0.871875
0 0.9074074074074074 0.17890625 0.18518518518518517 0.2203125
0 0.3771043771043771 0.20625 0.08417508417508418 0.1265625
0 0.5303030303030303 0.075 0.07744107744107744 0.1171875
0 0.5732323232323232 0.05546875 0.04713804713804714 0.059375
0 0.9545454545454546 0.0546875 0.04882154882154882 0.05
0 0.7550505050505051 0.24296875 0.08922558922558922 0.0765625
0 0.8021885521885522 0.090625 0.09764309764309764 0.1046875
0 0.4696969696969697 0.1078125 0.1414141414141414 0.1953125
0 0.7112794612794613 0.078125 0.03367003367003367 0.0375
0 0.7668350168350169 0.1703125 0.1632996632996633 0.2359375
0 0.6363636363636364 0.13984375 0.1447811447811448 0.2796875
0 0.8712121212121212 0.0578125 0.03872053872053872 0.0515625