0 0.000337340625 0.001786688524590164 0.0004872796875 0.0011104660421545668
0 0.2671875 0.4426229508196721 0.084375 0.20843091334894615
0 0.6328125 0.7096018735362998 0.1734375 0.5714285714285714
0 0.859375 0.702576112412178 0.2375 0.5901639344262295
0 0.75546875 0.5878220140515222 0.096875 0.2459016393442623
0 0.96484375 0.4484777517564403 0.0703125 0.19672131147540983
0 0.95234375 0.7459016393442623 0.0953125 0.47540983606557374
0 0.37890625 0.563231850117096 0.1125 0.36065573770491804
0 0.35 0.3747072599531616 0.0875 0.1592505854800937
0 0.321875 0.5772833723653396 0.0625 0.21311475409836064
0 0.81796875 0.4964871194379391 0.046875 0.11943793911007025
0 0.51171875 0.6217798594847775 0.09375 0.18266978922716628
