0 0.25625 0.7802083333333333 0.175 0.27708333333333335
0 0.31015625 0.7385416666666667 0.1078125 0.22916666666666666
0 0.45625 0.6229166666666667 0.0484375 0.11666666666666667
0 0.6609375 0.6125 0.1265625 0.15625
0 0.61015625 0.6208333333333333 0.090625 0.19791666666666666
0 0.1453125 0.340625 0.025 0.08541666666666667
0 0.0015300296874999999 0.0011403000000000001 0.0000649421875 0.00042686666666666667
0 0.78828125 0.5385416666666667 0.04375 0.075
0 0.834375 0.48020833333333335 0.05 0.06458333333333334
0 0.4390625 0.6916666666666667 0.1015625 0.20625
0 0.04296875 0.6427083333333333 0.078125 0.15625
0 0.49296875 0.6020833333333333 0.04375 0.08541666666666667
0 0.41328125 0.7083333333333334 0.1265625 0.20208333333333334
