0 0.25078125 0.6651053864168618 0.1046875 0.40046838407494145
0 0.88984375 0.7084309133489461 0.0671875 0.3864168618266979
0 0.84453125 0.6838407494145199 0.0609375 0.4098360655737705
0 0.6828125 0.6651053864168618 0.1109375 0.3372365339578454
0 0.72578125 0.6475409836065574 0.0984375 0.38875878220140514
0 0.68125 0.5152224824355972 0.0328125 0.08665105386416862
0 0.6578125 0.5714285714285714 0.0515625 0.15690866510538642
0 0.78125 0.5831381733021077 0.1328125 0.2576112412177986
0 0.53359375 0.6334894613583139 0.0546875 0.26697892271662765
0 0.6265625 0.6662763466042154 0.059375 0.2927400468384075
0 0.5828125 0.4953161592505855 0.01875 0.05620608899297424
0 0.88203125 0.49765807962529274 0.0390625 0.05620608899297424