0 0.7390625 0.6455399061032864 0.340625 0.6854460093896714
0 0.27265625 0.4988262910798122 0.3546875 0.9741784037558685
0 0.94296875 0.6830985915492958 0.1125 0.6103286384976526
0 0.503125 0.45774647887323944 0.2203125 0.7323943661971831
0 0.6890625 0.23708920187793428 0.21875 0.3779342723004695
0 0.8046875 0.3931924882629108 0.14375 0.6126760563380281
0 0.9640625 0.20539906103286384 0.071875 0.4014084507042254
0 0.88671875 0.3427230046948357 0.10625 0.4694835680751174
0 0.09609375 0.8615023474178404 0.1921875 0.25586854460093894
0 0.37421875 0.3274647887323944 0.034375 0.06103286384976526
0 0.08359375 0.6326291079812206 0.13125 0.5586854460093896
0 0.54140625 0.9002347417840375 0.359375 0.19953051643192488
0 0.71796875 0.1619718309859155 0.053125 0.06572769953051644