0 0.20783132530120482 0.823 0.4006024096385542 0.344
0 0.05421686746987952 0.861 0.10240963855421686 0.278
0 0.5783132530120482 0.865 0.1686746987951807 0.254
0 0.3870481927710843 0.853 0.04819277108433735 0.122
0 0.8840361445783133 0.876 0.1566265060240964 0.248
0 0.9427710843373494 0.875 0.11144578313253012 0.25
0 0.48493975903614456 0.876 0.05120481927710843 0.206
0 0.7786144578313253 0.848 0.10240963855421686 0.198
0 0.641566265060241 0.872 0.09337349397590361 0.256
0 0.42771084337349397 0.875 0.06927710843373494 0.198
0 0.7379518072289156 0.872 0.10843373493975904 0.208