0 0.48828125 0.5875 0.45 0.6770833333333334
0 0.0014390265625 0.0006552291666666667 0.00024694843749999997 0.0005009104166666667
0 0.0671875 0.296875 0.134375 0.38958333333333334
0 0.7125 0.290625 0.1125 0.325
0 0.56171875 0.32395833333333335 0.1 0.22916666666666666
0 0.37578125 0.29583333333333334 0.115625 0.31875
0 0.0765625 0.725 0.153125 0.13958333333333334
0 0.228125 0.296875 0.1453125 0.3770833333333333
0 0.80546875 0.33229166666666665 0.1375 0.22083333333333333
0 0.015625 0.390625 0.0265625 0.19583333333333333
