0 0.584375 0.6239583333333333 0.071875 0.14583333333333334
0 0.76640625 0.6895833333333333 0.0484375 0.125
0 0.52109375 0.08645833333333333 0.0078125 0.027083333333333334
0 0.60390625 0.1125 0.01875 0.03125
0 0.365625 0.16979166666666667 0.0234375 0.10416666666666667
0 0.83203125 0.08958333333333333 0.0265625 0.03333333333333333
0 0.86171875 0.12708333333333333 0.0203125 0.035416666666666666
0 0.671875 0.684375 0.0640625 0.09791666666666667
0 0.34296875 0.05416666666666667 0.0171875 0.05625
0 0.97265625 0.26875 0.0359375 0.10208333333333333
0 0.934375 0.09583333333333334 0.00625 0.022916666666666665
0 0.13671875 0.09583333333333334 0.0296875 0.08125
0 0.9546875 0.04791666666666667 0.0265625 0.04375