0 0.621875 0.6373239436619719 0.2015625 0.6666666666666666
0 0.44921875 0.5786384976525821 0.175 0.7746478873239436
0 0.35078125 0.1467136150234742 0.0296875 0.18309859154929578
0 0.05625 0.5692488262910798 0.1109375 0.8591549295774648
0 0.40625 0.12441314553990611 0.03125 0.13849765258215962
0 0.4859375 0.11267605633802817 0.0234375 0.13849765258215962
0 0.51328125 0.14084507042253522 0.053125 0.07042253521126761
0 0.621875 0.107981220657277 0.028125 0.14084507042253522
0 0.54609375 0.1596244131455399 0.0609375 0.09154929577464789
0 0.19453125 0.1596244131455399 0.046875 0.19953051643192488
0 0.5859375 0.12793427230046947 0.0453125 0.16666666666666666
0 0.1296875 0.1772300469483568 0.0421875 0.17136150234741784
0 0.015625 0.1596244131455399 0.03125 0.17370892018779344