0 0.8421875 0.883177570093458 0.0828125 0.2266355140186916
0 0.95234375 0.866822429906542 0.0796875 0.26635514018691586
0 0.88828125 0.9637850467289719 0.0359375 0.07242990654205607
0 0.096875 0.8843457943925234 0.053125 0.18457943925233644
0 0.3453125 0.8516355140186916 0.015625 0.0630841121495327
0 0.16484375 0.8551401869158879 0.0140625 0.04906542056074766
0 0.23125 0.860981308411215 0.0296875 0.0794392523364486
0 0.41484375 0.8399532710280374 0.015625 0.07009345794392523
0 0.196875 0.8551401869158879 0.01875 0.07710280373831775
0 0.01484375 0.8913551401869159 0.0265625 0.1822429906542056
0 0.28359375 0.8469626168224299 0.015625 0.07009345794392523
0 0.5828125 0.844626168224299 0.0140625 0.0514018691588785
0 0.3046875 0.8563084112149533 0.0125 0.053738317757009345
