0 0.68359375 0.6949860724233984 0.075 0.4456824512534819
0 0.72265625 0.6824512534818942 0.06875 0.4011142061281337
0 0.815625 0.7144846796657381 0.078125 0.45125348189415043
0 0.8875 0.6935933147632312 0.075 0.35097493036211697
0 0.9375 0.5891364902506964 0.028125 0.14484679665738162
0 0.10625 0.5710306406685237 0.0328125 0.16991643454038996
0 0.7578125 0.6128133704735376 0.0265625 0.14206128133704735
0 0.89375 0.5348189415041783 0.0609375 0.10863509749303621
0 0.0015527593750000001 0.001675732590529248 0.0000194828125 0.00037383286908077994
0 0.96796875 0.6476323119777159 0.053125 0.27298050139275765
0 0.30390625 0.49025069637883006 0.06875 0.16991643454038996
0 0.55390625 0.6991643454038997 0.0515625 0.4206128133704735
