0 0.8125 0.5597189695550351 0.375 0.8782201405152225
0 0.44765625 0.5023419203747073 0.4359375 0.9953161592505855
0 0.290625 0.5351288056206089 0.578125 0.9297423887587822
0 0.49921875 0.07494145199063232 0.109375 0.14754098360655737
0 0.86640625 0.10889929742388758 0.15 0.21779859484777517
0 0.734375 0.06440281030444965 0.1046875 0.1288056206088993
0 0.5765625 0.5140515222482436 0.421875 0.9484777517564403
0 0.265625 0.08079625292740047 0.078125 0.15690866510538642
0 0.2140625 0.4894613583138173 0.3453125 0.8430913348946136
0 0.140625 0.39695550351288056 0.28125 0.7868852459016393
0 0.0421875 0.17681498829039813 0.084375 0.35362997658079626
0 0.33828125 0.03864168618266979 0.078125 0.07728337236533958
0 0.9578125 0.05503512880562061 0.084375 0.11007025761124122