0 0.28 0.8 0.08533333333333333 0.118
0 0.4026666666666667 0.758 0.04533333333333334 0.088
0 0.3506666666666667 0.757 0.034666666666666665 0.052
0 0.156 0.724 0.042666666666666665 0.058
0 0.12666666666666668 0.73 0.050666666666666665 0.058
0 0.18 0.721 0.029333333333333333 0.064
0 0.196 0.716 0.029333333333333333 0.052
0 0.376 0.731 0.024 0.05
0 0.08533333333333333 0.724 0.064 0.08
0 0.5426666666666666 0.716 0.016 0.03
0 0.3546666666666667 0.728 0.018666666666666668 0.032
0 0.31066666666666665 0.76 0.037333333333333336 0.07
0 0.33466666666666667 0.726 0.013333333333333334 0.03