0 0.3671875 0.8536299765807962 0.0140625 0.053864168618266976
0 0.3515625 0.8524590163934426 0.0125 0.04918032786885246
0 0.31953125 0.8477751756440282 0.0125 0.04449648711943794
0 0.82578125 0.860655737704918 0.0140625 0.05152224824355972
0 0.51171875 0.8536299765807962 0.0109375 0.03981264637002342
0 0.034375 0.8360655737704918 0.00625 0.02107728337236534
0 0.58984375 0.870023419203747 0.01875 0.07728337236533958
0 0.3953125 0.8536299765807962 0.009375 0.05152224824355972
0 0.02265625 0.8618266978922716 0.0234375 0.053864168618266976
0 0.2203125 0.8477751756440282 0.0078125 0.03981264637002342
0 0.18046875 0.8501170960187353 0.0125 0.03981264637002342
0 0.421875 0.8559718969555035 0.0125 0.04918032786885246