0 0.2234375 0.5552083333333333 0.1125 0.37083333333333335
0 0.17734375 0.496875 0.0671875 0.24166666666666667
0 0.26015625 0.4270833333333333 0.078125 0.17916666666666667
0 0.653125 0.48854166666666665 0.040625 0.18541666666666667
0 0.7828125 0.4895833333333333 0.0328125 0.14791666666666667
0 0.6859375 0.48125 0.0375 0.13541666666666666
0 0.9625 0.47291666666666665 0.028125 0.04375
0 0.88359375 0.46979166666666666 0.053125 0.0625
0 0.10703125 0.515625 0.0953125 0.29583333333333334
0 0.71640625 0.5072916666666667 0.0265625 0.14791666666666667
0 0.82578125 0.515625 0.0671875 0.15208333333333332
0 0.0234375 0.5520833333333334 0.034375 0.4125
