0 0.27109375 0.6020833333333333 0.01875 0.06666666666666667
0 0.1953125 0.6447916666666667 0.025 0.08958333333333333
0 0.11796875 0.6354166666666666 0.021875 0.09583333333333334
0 0.259375 0.6010416666666667 0.01875 0.06458333333333334
0 0.9125 0.5104166666666666 0.0109375 0.016666666666666666
0 0.19140625 0.5947916666666667 0.0140625 0.0375
0 0.13203125 0.6447916666666667 0.0171875 0.08541666666666667
0 0.578125 0.5427083333333333 0.0109375 0.04375
0 0.86796875 0.5114583333333333 0.00625 0.022916666666666665
0 0.203125 0.6052083333333333 0.0140625 0.06041666666666667
0 0.9046875 0.503125 0.0078125 0.010416666666666666