0 0.93203125 0.5041666666666667 0.1359375 0.4388888888888889
0 0.809375 0.41805555555555557 0.1390625 0.2972222222222222
0 0.77734375 0.3277777777777778 0.040625 0.09166666666666666
0 0.13359375 0.325 0.0453125 0.1361111111111111
0 0.23671875 0.3236111111111111 0.0828125 0.17222222222222222
0 0.87578125 0.3055555555555556 0.040625 0.058333333333333334
0 0.57578125 0.5208333333333334 0.1296875 0.4305555555555556
0 0.17109375 0.3902777777777778 0.053125 0.18611111111111112
0 0.31953125 0.5583333333333333 0.1453125 0.6
0 0.63984375 0.425 0.0890625 0.25555555555555554
0 0.06640625 0.3638888888888889 0.1328125 0.2638888888888889