0 0.69609375 0.453125 0.1046875 0.47291666666666665
0 0.44609375 0.5447916666666667 0.0171875 0.04375
0 0.4265625 0.5479166666666667 0.01875 0.025
0 0.275 0.5447916666666667 0.0140625 0.01875
0 0.23203125 0.54375 0.01875 0.03125
0 0.83984375 0.5385416666666667 0.0328125 0.052083333333333336
0 0.6078125 0.5260416666666666 0.0109375 0.020833333333333332
0 0.884375 0.5447916666666667 0.0328125 0.020833333333333332
0 0.921875 0.5125 0.01875 0.03333333333333333
0 0.7359375 0.521875 0.0078125 0.014583333333333334
0 0.49140625 0.5291666666666667 0.009375 0.014583333333333334
0 0.47265625 0.5489583333333333 0.0203125 0.035416666666666666
0 0.5859375 0.5458333333333333 0.01875 0.029166666666666667