0 0.5494652406417112 0.667 0.37433155080213903 0.594
0 0.8663101604278075 0.574 0.10695187165775401 0.102
0 0.9264705882352942 0.523 0.12834224598930483 0.092
0 0.7352941176470589 0.425 0.10427807486631016 0.108
0 0.6631016042780749 0.56 0.09358288770053476 0.17
0 0.5815508021390374 0.064 0.06684491978609626 0.06
0 0.17780748663101603 0.596 0.06417112299465241 0.046
0 0.7847593582887701 0.386 0.06951871657754011 0.074
0 0.8342245989304813 0.346 0.06951871657754011 0.076
0 0.7286096256684492 0.172 0.08288770053475936 0.078
0 0.7366310160427807 0.482 0.08288770053475936 0.112
0 0.8542780748663101 0.406 0.09893048128342247 0.122
0 0.9064171122994652 0.367 0.08288770053475936 0.124
