0 0.059375 0.5716019417475728 0.015625 0.038834951456310676
0 0.1296875 0.6092233009708737 0.0453125 0.16019417475728157
0 0.59921875 0.5740291262135923 0.0140625 0.05825242718446602
0 0.34140625 0.566747572815534 0.0125 0.03155339805825243
0 0.70234375 0.5703883495145631 0.0140625 0.06067961165048544
0 0.08125 0.5631067961165048 0.0125 0.012135922330097087
0 0.453125 0.5485436893203883 0.00625 0.009708737864077669
0 0.0921875 0.5643203883495146 0.009375 0.009708737864077669
0 0.1234375 0.5618932038834952 0.0171875 0.012135922330097087
0 0.9765625 0.5279126213592233 0.0046875 0.01699029126213592
0 0.95625 0.5339805825242718 0.0046875 0.012135922330097087
0 0.796875 0.5400485436893204 0.0046875 0.014563106796116505