0 0.5208333333333334 0.7152777777777778 0.1125 0.5583333333333333
0 0.5770833333333333 0.5527777777777778 0.035416666666666666 0.09722222222222222
0 0.9197916666666667 0.5375 0.0375 0.05277777777777778
0 0.33125 0.6666666666666666 0.07708333333333334 0.3638888888888889
0 0.6333333333333333 0.5694444444444444 0.03333333333333333 0.06111111111111111
0 0.6697916666666667 0.5847222222222223 0.025 0.03611111111111111
0 0.5989583333333334 0.5472222222222223 0.035416666666666666 0.11388888888888889
0 0.6635416666666667 0.5472222222222223 0.022916666666666665 0.041666666666666664
0 0.95 0.6138888888888889 0.04583333333333333 0.11388888888888889
0 0.8645833333333334 0.5791666666666667 0.05416666666666667 0.16111111111111112
0 0.8583333333333333 0.4666666666666667 0.03333333333333333 0.04722222222222222
0 0.41458333333333336 0.5305555555555556 0.01875 0.030555555555555555
0 0.9833333333333333 0.6180555555555556 0.03333333333333333 0.1