0 0.44296875 0.477751756440281 0.2234375 0.9297423887587822
0 0.36640625 0.6065573770491803 0.3109375 0.7634660421545667
0 0.68203125 0.2259953161592506 0.071875 0.16393442622950818
0 0.92109375 0.5667447306791569 0.1578125 0.8665105386416861
0 0.82890625 0.3161592505854801 0.065625 0.14754098360655737
0 0.790625 0.39227166276346603 0.0796875 0.2997658079625293
0 0.2109375 0.43911007025761123 0.0734375 0.3231850117096019
0 0.1578125 0.4180327868852459 0.0765625 0.18266978922716628
0 0.72421875 0.41100702576112413 0.1546875 0.3395784543325527
0 0.09375 0.4894613583138173 0.1875 0.117096018735363
0 0.5953125 0.5749414519906323 0.475 0.8079625292740047