0 0.16875 0.7125 0.0703125 0.22291666666666668
0 0.08671875 0.7447916666666666 0.0328125 0.13333333333333333
0 0.340625 0.73125 0.009375 0.029166666666666667
0 0.315625 0.7229166666666667 0.009375 0.03125
0 0.37109375 0.73125 0.0078125 0.0375
0 0.29765625 0.7333333333333333 0.0125 0.029166666666666667
0 0.0234375 0.7145833333333333 0.0109375 0.0375
0 0.32578125 0.7302083333333333 0.00625 0.020833333333333332
0 0.37890625 0.7270833333333333 0.0078125 0.03958333333333333
0 0.5921875 0.7145833333333333 0.00625 0.025
0 0.1140625 0.7166666666666667 0.0109375 0.04375
0 0.296875 0.7239583333333334 0.009375 0.03958333333333333
0 0.57265625 0.7145833333333333 0.009375 0.027083333333333334
