0 0.9283088235294118 0.4239583333333333 0.13970588235294118 0.17708333333333334
0 0.33455882352941174 0.47291666666666665 0.10294117647058823 0.16041666666666668
0 0.14154411764705882 0.48541666666666666 0.09191176470588236 0.16041666666666668
0 0.2922794117647059 0.3729166666666667 0.07352941176470588 0.12291666666666666
0 0.15992647058823528 0.3885416666666667 0.08088235294117647 0.12708333333333333
0 0.6544117647058824 0.4041666666666667 0.04779411764705882 0.09791666666666667
0 0.5716911764705882 0.37916666666666665 0.06985294117647059 0.0625
0 0.7150735294117647 0.38958333333333334 0.03308823529411765 0.03333333333333333
0 0.7977941176470589 0.31145833333333334 0.011029411764705883 0.01875
0 0.3805147058823529 0.4 0.09926470588235294 0.15
0 0.18566176470588236 0.38229166666666664 0.04044117647058824 0.10416666666666667
0 0.7426470588235294 0.390625 0.029411764705882353 0.035416666666666666
0 0.8272058823529411 0.3875 0.029411764705882353 0.0375