0 0.47109375 0.3161592505854801 0.1140625 0.2154566744730679
0 0.571875 0.42271662763466045 0.14375 0.41451990632318503
0 0.67734375 0.23536299765807964 0.0953125 0.17096018735362997
0 0.84921875 0.36768149882903983 0.1078125 0.3770491803278688
0 0.8953125 0.3981264637002342 0.075 0.3372365339578454
0 0.08125 0.5081967213114754 0.05 0.1358313817330211
0 0.109375 0.5597189695550351 0.075 0.1405152224824356
0 0.0515625 0.40398126463700235 0.040625 0.11943793911007025
0 0.15703125 0.41217798594847777 0.028125 0.07494145199063232
0 0.059375 0.46955503512880564 0.0328125 0.08665105386416862
0 0.13828125 0.42271662763466045 0.0328125 0.07259953161592506
0 0.14453125 0.4882903981264637 0.0296875 0.09133489461358314
0 0.1078125 0.41100702576112413 0.0296875 0.10070257611241218