0 0.7296875 0.16979166666666667 0.046875 0.12708333333333333
0 0.54765625 0.525 0.11875 0.48333333333333334
0 0.715625 0.51875 0.1 0.48333333333333334
0 0.821875 0.5885416666666666 0.209375 0.5104166666666666
0 0.9421875 0.54375 0.115625 0.5395833333333333
0 0.59375 0.271875 0.046875 0.13958333333333334
0 0.67734375 0.20729166666666668 0.0453125 0.1
0 0.39921875 0.6072916666666667 0.0625 0.3104166666666667
0 0.35625 0.7458333333333333 0.2375 0.48125
0 0.10625 0.6125 0.1828125 0.775
0 0.221875 0.603125 0.134375 0.6895833333333333
0 0.5515625 0.23854166666666668 0.034375 0.07916666666666666
0 0.4171875 0.36041666666666666 0.0796875 0.18333333333333332