0 0.4421875 0.6489583333333333 0.0984375 0.4
0 0.22734375 0.5354166666666667 0.2109375 0.41458333333333336
0 0.11171875 0.6875 0.184375 0.27291666666666664
0 0.63046875 0.6520833333333333 0.1 0.50625
0 0.001376659375 0.0014697270833333334 0.0001890625 0.0012272145833333334
0 0.3875 0.4708333333333333 0.0609375 0.1375
0 0.2359375 0.4510416666666667 0.078125 0.10416666666666667
0 0.35625 0.6302083333333334 0.090625 0.38958333333333334
0 0.465625 0.465625 0.065625 0.1
0 0.57578125 0.48333333333333334 0.04375 0.15
0 0.9703125 0.7833333333333333 0.059375 0.43333333333333335
0 0.76796875 0.4947916666666667 0.06875 0.16041666666666668
0 0.0890625 0.46875 0.090625 0.18333333333333332