0 0.32421875 0.6041666666666666 0.278125 0.48125
0 0.68359375 0.5239583333333333 0.0265625 0.0875
0 0.69921875 0.5302083333333333 0.015625 0.0875
0 0.996875 0.5072916666666667 0.0046875 0.04791666666666667
0 0.978125 0.5229166666666667 0.021875 0.09375
0 0.5109375 0.496875 0.0234375 0.041666666666666664
0 0.52890625 0.503125 0.0140625 0.06041666666666667
0 0.19921875 0.4864583333333333 0.015625 0.022916666666666665
0 0.54921875 0.5145833333333333 0.009375 0.016666666666666666
0 0.39921875 0.490625 0.0125 0.01875
0 0.66484375 0.5197916666666667 0.025 0.07708333333333334
0 0.5421875 0.49375 0.0125 0.01875
0 0.48203125 0.5125 0.0125 0.0375