0 0.2046875 0.7915690866510539 0.0359375 0.17096018735362997
0 0.2390625 0.7927400468384075 0.0375 0.16159250585480095
0 0.71953125 0.7775175644028103 0.04375 0.16159250585480095
0 0.58046875 0.6967213114754098 0.028125 0.11475409836065574
0 0.59375 0.5714285714285714 0.0125 0.05620608899297424
0 0.78125 0.6697892271662763 0.034375 0.11475409836065574
0 0.6859375 0.6545667447306791 0.025 0.09601873536299765
0 0.55 0.9672131147540983 0.0484375 0.06557377049180328
0 0.76015625 0.9414519906323185 0.0484375 0.117096018735363
0 0.7796875 0.7927400468384075 0.0328125 0.1451990632318501
0 0.8171875 0.7868852459016393 0.0390625 0.17096018735362997
0 0.475 0.7634660421545667 0.0359375 0.16393442622950818
0 0.0015370734375000001 0.001712536299765808 0.0000508546875 0.00024214519906323186
