0 0.4007009345794392 0.6203125 0.37149532710280375 0.7328125
0 0.8703271028037384 0.6453125 0.10747663551401869 0.05
0 0.8843457943925234 0.6140625 0.1378504672897196 0.0703125
0 0.7488317757009346 0.59453125 0.12149532710280374 0.121875
0 0.7955607476635514 0.52578125 0.07242990654205607 0.0515625
0 0.8855140186915887 0.5515625 0.10046728971962617 0.0953125
0 0.2838785046728972 0.6265625 0.07476635514018691 0.0625
0 0.2161214953271028 0.621875 0.09345794392523364 0.075
0 0.7932242990654206 0.48984375 0.11682242990654206 0.078125
0 0.8574766355140186 0.58203125 0.08644859813084112 0.059375
0 0.7511682242990654 0.6453125 0.11214953271028037 0.05625
0 0.1764018691588785 0.56484375 0.1425233644859813 0.140625
0 0.09929906542056074 0.65703125 0.06074766355140187 0.034375
