0 0.76171875 0.7517564402810304 0.034375 0.08430913348946135
0 0.81484375 0.7482435597189696 0.0359375 0.0702576112412178
0 0.96484375 0.7903981264637002 0.040625 0.18501170960187355
0 0.63671875 0.8208430913348946 0.0171875 0.11241217798594848
0 0.78984375 0.810304449648712 0.0234375 0.14988290398126464
0 0.76875 0.7459016393442623 0.0359375 0.06088992974238876
0 0.85390625 0.7494145199063232 0.0546875 0.06088992974238876
0 0.69765625 0.8208430913348946 0.0375 0.1686182669789227
0 0.9328125 0.788056206088993 0.046875 0.18501170960187355
0 0.64609375 0.8501170960187353 0.0203125 0.16393442622950818
0 0.72890625 0.8185011709601874 0.01875 0.12646370023419204
0 0.93203125 0.7189695550351288 0.0171875 0.03747072599531616
0 0.98828125 0.7037470725995316 0.0171875 0.03278688524590164