0 0.13984375 0.154296875 0.0546875 0.06640625
0 0.22890625 0.1591796875 0.0515625 0.06640625
0 0.2984375 0.171875 0.0875 0.080078125
0 0.15546875 0.4814453125 0.1265625 0.13671875
0 0.2671875 0.5009765625 0.0671875 0.064453125
0 0.1890625 0.818359375 0.0734375 0.091796875
0 0.26015625 0.7783203125 0.0640625 0.07421875
0 0.48359375 0.3828125 0.1671875 0.20703125
0 0.7515625 0.3916015625 0.121875 0.181640625
0 0.18359375 0.7802734375 0.065625 0.099609375
0 0.88203125 0.396484375 0.1515625 0.212890625
0 0.1859375 0.15625 0.0421875 0.0546875
0 0.634375 0.375 0.14375 0.21484375