0 0.525 0.5458333333333333 0.2328125 0.5104166666666666
0 0.7359375 0.5927083333333333 0.2015625 0.3125
0 0.78125 0.26666666666666666 0.071875 0.08333333333333333
0 0.2453125 0.2 0.065625 0.11875
0 0.325 0.16458333333333333 0.0578125 0.10625
0 0.35703125 0.12604166666666666 0.0703125 0.10625
0 0.39296875 0.06458333333333334 0.04375 0.1125
0 0.43046875 0.21458333333333332 0.078125 0.17291666666666666
0 0.3734375 0.23958333333333334 0.0671875 0.15208333333333332
0 0.27734375 0.23854166666666668 0.071875 0.1625
0 0.846875 0.09375 0.1015625 0.14166666666666666
0 0.8828125 0.24895833333333334 0.1015625 0.10416666666666667
0 0.125 0.2708333333333333 0.0734375 0.10833333333333334