0 0.08671875 0.5692488262910798 0.0296875 0.13145539906103287
0 0.4609375 0.5011737089201878 0.025 0.07511737089201878
0 0.42890625 0.6349765258215962 0.0625 0.19953051643192488
0 0.48515625 0.5692488262910798 0.0609375 0.2652582159624413
0 0.5515625 0.6291079812206573 0.071875 0.2652582159624413
0 0.2796875 0.6326291079812206 0.0515625 0.23708920187793428
0 0.92578125 0.5446009389671361 0.0828125 0.2535211267605634
0 0.6734375 0.5985915492957746 0.0859375 0.29107981220657275
0 0.38046875 0.6103286384976526 0.0484375 0.09154929577464789
0 0.6921875 0.49765258215962443 0.021875 0.028169014084507043
0 0.58828125 0.5516431924882629 0.0421875 0.19953051643192488
