0 0.04296875 0.540625 0.025 0.14791666666666667
0 0.08203125 0.5583333333333333 0.04375 0.16875
0 0.10390625 0.559375 0.04375 0.17083333333333334
0 0.88046875 0.5697916666666667 0.0671875 0.17083333333333334
0 0.9078125 0.5895833333333333 0.04375 0.15
0 0.98828125 0.5760416666666667 0.0234375 0.21458333333333332
0 0.86328125 0.540625 0.0234375 0.15208333333333332
0 0.0546875 0.5416666666666666 0.0140625 0.14791666666666667
0 0.9734375 0.49895833333333334 0.0265625 0.041666666666666664
0 0.99453125 0.5802083333333333 0.0109375 0.05625
0 0.41015625 0.5052083333333334 0.015625 0.03125
