0 0.7859375 0.7133757961783439 0.053125 0.22505307855626328
0 0.0015325078125 0.0015855944798301486 0.000059985937500000004 0.0005199214437367303
0 0.94765625 0.7123142250530785 0.04375 0.24203821656050956
0 0.61171875 0.6348195329087049 0.053125 0.10191082802547771
0 0.8765625 0.7176220806794055 0.040625 0.21656050955414013
0 0.73125 0.7101910828025477 0.0265625 0.2229299363057325
0 0.10546875 0.6518046709129511 0.0234375 0.07218683651804671
0 0.071875 0.6443736730360934 0.0109375 0.06157112526539278
0 0.67734375 0.6422505307855626 0.0390625 0.09129511677282377
0 0.0421875 0.6464968152866242 0.015625 0.07006369426751592
