0 0.237 0.6763990267639902 0.338 0.6180048661800487
0 0.586 0.6934306569343066 0.42 0.5912408759124088
0 0.58 0.34306569343065696 0.218 0.32116788321167883
0 0.749 0.5693430656934306 0.204 0.8272506082725061
0 0.863 0.49635036496350365 0.18 0.8588807785888077
0 0.112 0.3929440389294404 0.224 0.5717761557177615
0 0.29 0.2822384428223844 0.172 0.35279805352798055
0 0.66 0.22019464720194648 0.078 0.20924574209245742
0 0.547 0.15450121654501217 0.158 0.2116788321167883
0 0.427 0.6690997566909975 0.506 0.6618004866180048
0 0.483 0.2956204379562044 0.152 0.26034063260340634
