0 0.85 0.6416861826697893 0.2109375 0.6955503512880562
0 0.50390625 0.6463700234192038 0.1671875 0.6135831381733021
0 0.44296875 0.585480093676815 0.096875 0.477751756440281
0 0.33359375 0.5843091334894613 0.090625 0.41451990632318503
0 0.225 0.6346604215456675 0.1609375 0.6697892271662763
0 0.94140625 0.585480093676815 0.071875 0.45901639344262296
0 0.68125 0.607728337236534 0.1578125 0.4519906323185012
0 0.2984375 0.5526932084309133 0.0703125 0.405152224824356
0 0.896875 0.4414519906323185 0.05625 0.18501170960187355
0 0.7828125 0.5597189695550351 0.0515625 0.3372365339578454
