0 0.97 0.47863247863247865 0.036 0.11396011396011396
0 0.652 0.7621082621082621 0.366 0.07122507122507123
0 0.832 0.443019943019943 0.02 0.08547008547008547
0 0.273 0.43874643874643876 0.016 0.07122507122507123
0 0.188 0.4358974358974359 0.018 0.06837606837606838
0 0.394 0.4444444444444444 0.016 0.045584045584045586
0 0.449 0.44871794871794873 0.022 0.07122507122507123
0 0.625 0.49715099715099714 0.052 0.09401709401709402
0 0.634 0.42735042735042733 0.018 0.039886039886039885
0 0.415 0.4444444444444444 0.012 0.05698005698005698
0 0.299 0.43874643874643876 0.022 0.06837606837606838
0 0.317 0.44017094017094016 0.014 0.04843304843304843
0 0.578 0.452991452991453 0.01 0.039886039886039885