0 0.33 0.6362275449101796 0.25 0.7155688622754491
0 0.781 0.4820359281437126 0.07 0.2934131736526946
0 0.718 0.49550898203592814 0.118 0.3473053892215569
0 0.101 0.561377245508982 0.196 0.8502994011976048
0 0.879 0.44610778443113774 0.09 0.20658682634730538
0 0.468 0.42065868263473055 0.078 0.17964071856287425
0 0.54 0.41916167664670656 0.048 0.12874251497005987
0 0.208 0.38922155688622756 0.03 0.10479041916167664
0 0.156 0.3562874251497006 0.038 0.05389221556886228
0 0.355 0.3997005988023952 0.036 0.09880239520958084
0 0.579 0.3937125748502994 0.042 0.10179640718562874
0 0.385 0.4221556886227545 0.036 0.10179640718562874
