0 0.5149842271293376 0.79375 0.23501577287066247 0.3984375
0 0.5134069400630915 0.51640625 0.13564668769716087 0.1828125
0 0.6490536277602523 0.78828125 0.17981072555205047 0.4234375
0 0.9045741324921136 0.409375 0.19085173501577288 0.440625
0 0.7397476340694006 0.27890625 0.17823343848580442 0.2515625
0 0.5630914826498423 0.35234375 0.16246056782334384 0.278125
0 0.3824921135646688 0.4828125 0.27917981072555204 0.3640625
0 0.3462145110410095 0.3046875 0.27917981072555204 0.2859375
0 0.5347003154574133 0.25546875 0.3138801261829653 0.1703125
0 0.14195583596214512 0.596875 0.28391167192429023 0.803125
0 0.06466876971608833 0.278125 0.1277602523659306 0.3265625
0 0.00047470347003154573 0.0012935062500000001 0.0003876545741324921 0.0005379890625
0 0.8974763406940063 0.8296875 0.19873817034700317 0.3328125