0 0.0421875 0.8835294117647059 0.0515625 0.16705882352941176
0 0.08046875 0.8729411764705882 0.0328125 0.19058823529411764
0 0.10390625 0.8917647058823529 0.0234375 0.1388235294117647
0 0.59296875 0.8858823529411765 0.034375 0.18352941176470589
0 0.02578125 0.9 0.05 0.14588235294117646
0 0.91796875 0.888235294117647 0.0421875 0.16705882352941176
0 0.390625 0.8988235294117647 0.05625 0.15529411764705883
0 0.5671875 0.9247058823529412 0.0484375 0.08941176470588236
0 0.2921875 0.8847058823529412 0.034375 0.17176470588235293
0 0.16875 0.8870588235294118 0.0484375 0.16470588235294117
0 0.79609375 0.9035294117647059 0.0296875 0.1411764705882353
0 0.8875 0.8835294117647059 0.0421875 0.16705882352941176
0 0.31484375 0.8741176470588236 0.0203125 0.1811764705882353