0 0.5507462686567164 0.519 0.7164179104477612 0.814
0 0.826865671641791 0.771 0.06567164179104477 0.076
0 0.7388059701492538 0.781 0.09253731343283582 0.126
0 0.6074626865671642 0.838 0.0626865671641791 0.092
0 0.682089552238806 0.839 0.09253731343283582 0.088
0 0.7761194029850746 0.84 0.10746268656716418 0.082
0 0.9119402985074627 0.833 0.07164179104477612 0.062
0 0.42388059701492536 0.766 0.050746268656716415 0.078
0 0.826865671641791 0.845 0.08358208955223881 0.072
0 0.04029850746268657 0.765 0.06865671641791045 0.114
0 0.15074626865671642 0.848 0.1373134328358209 0.072
0 0.4343283582089552 0.817 0.09253731343283582 0.094
0 0.3641791044776119 0.836 0.11940298507462686 0.088