0 0.1078125 0.45977011494252873 0.215625 0.9137931034482759
0 0.31015625 0.5919540229885057 0.246875 0.5229885057471264
0 0.478125 0.5086206896551724 0.1828125 0.4281609195402299
0 0.553125 0.4209770114942529 0.1453125 0.35919540229885055
0 0.61640625 0.21982758620689655 0.115625 0.3764367816091954
0 0.68671875 0.4295977011494253 0.134375 0.27586206896551724
0 0.80390625 0.46839080459770116 0.390625 0.9367816091954023
0 0.3796875 0.17097701149425287 0.3359375 0.34195402298850575
0 0.3578125 0.39798850574712646 0.1171875 0.2614942528735632
0 0.72578125 0.1781609195402299 0.1609375 0.35344827586206895
