0 0.5328125 0.7427745664739884 0.1328125 0.3872832369942196
0 0.9359375 0.638728323699422 0.103125 0.5202312138728323
0 0.26796875 0.7442196531791907 0.1171875 0.3439306358381503
0 0.17265625 0.7398843930635838 0.1265625 0.35260115606936415
0 0.08984375 0.5635838150289018 0.1015625 0.34104046242774566
0 0.1859375 0.4884393063583815 0.0828125 0.2398843930635838
0 0.26953125 0.5130057803468208 0.0875 0.24566473988439305
0 0.3578125 0.5289017341040463 0.078125 0.28034682080924855
0 0.425 0.7586705202312138 0.1296875 0.3352601156069364
0 0.0875 0.7745664739884393 0.109375 0.315028901734104
0 0.66640625 0.7543352601156069 0.1203125 0.37572254335260113
0 0.5375 0.5274566473988439 0.09375 0.3265895953757225
0 0.359375 0.7702312138728323 0.103125 0.315028901734104