0 0.32395833333333335 0.8375 0.15208333333333332 0.1859375
0 0.21041666666666667 0.74296875 0.05 0.1265625
0 0.35208333333333336 0.69765625 0.03333333333333333 0.078125
0 0.6802083333333333 0.71484375 0.07708333333333334 0.11875
0 0.4875 0.6984375 0.04791666666666667 0.0875
0 0.45 0.70625 0.06458333333333334 0.0984375
0 0.43854166666666666 0.65703125 0.016666666666666666 0.0265625
0 0.475 0.6515625 0.01875 0.025
0 0.0011208770833333332 0.0014022953124999999 0.0008420145833333333 0.00032041093749999997
0 0.053125 0.79765625 0.10625 0.2265625
0 0.14270833333333333 0.75859375 0.12708333333333333 0.19375
0 0.7020833333333333 0.7859375 0.09375 0.15625
0 0.840625 0.75859375 0.07083333333333333 0.11875
