0 0.58203125 0.5585480093676815 0.0765625 0.1990632318501171
0 0.18984375 0.5878220140515222 0.1171875 0.297423887587822
0 0.68984375 0.5409836065573771 0.0375 0.117096018735363
0 0.6515625 0.550351288056206 0.0546875 0.16159250585480095
0 0.29140625 0.5257611241217799 0.0203125 0.08899297423887588
0 0.31953125 0.5292740046838408 0.028125 0.06557377049180328
0 0.3671875 0.531615925058548 0.021875 0.05620608899297424
0 0.40078125 0.5339578454332553 0.0203125 0.04918032786885246
0 0.53125 0.522248243559719 0.0140625 0.03044496487119438
0 0.35234375 0.5292740046838408 0.015625 0.0585480093676815
0 0.453125 0.5480093676814989 0.0078125 0.0234192037470726
0 0.72421875 0.5339578454332553 0.034375 0.09601873536299765
0 0.3390625 0.5304449648711944 0.01875 0.06323185011709602
