0 0.18580375782881003 0.80078125 0.3653444676409186 0.3984375
0 0.3757828810020877 0.8171875 0.24425887265135698 0.365625
0 0.7818371607515657 0.75390625 0.1544885177453027 0.2875
0 0.5448851774530271 0.6515625 0.05845511482254697 0.0640625
0 0.25156576200417535 0.6734375 0.10647181628392484 0.165625
0 0.5052192066805845 0.71953125 0.09603340292275574 0.25625
0 0.46450939457202506 0.71484375 0.12108559498956159 0.2203125
0 0.8820459290187892 0.73828125 0.08559498956158663 0.2578125
0 0.6096033402922756 0.7578125 0.15657620041753653 0.2859375
0 0.964509394572025 0.77109375 0.0709812108559499 0.2734375
0 0.7056367432150313 0.73515625 0.08559498956158663 0.2625
0 0.05219206680584551 0.6703125 0.09394572025052192 0.14375
0 0.05219206680584551 0.77734375 0.10438413361169102 0.1453125
