0 0.591 0.6866666666666666 0.436 0.6053333333333333
0 0.435 0.7586666666666667 0.086 0.10133333333333333
0 0.351 0.804 0.078 0.12533333333333332
0 0.296 0.7493333333333333 0.014 0.016
0 0.285 0.7706666666666667 0.012 0.024
0 0.163 0.7506666666666667 0.026 0.08
0 0.222 0.7506666666666667 0.02 0.042666666666666665
0 0.067 0.8346666666666667 0.132 0.33066666666666666
0 0.381 0.732 0.022 0.04533333333333334
0 0.153 0.7053333333333334 0.02 0.08
0 0.243 0.7706666666666667 0.036 0.04
0 0.928 0.7466666666666667 0.13 0.216
0 0.288 0.6213333333333333 0.016 0.056