0 0.17578125 0.531615925058548 0.1890625 0.936768149882904
0 0.33515625 0.3981264637002342 0.15625 0.3864168618266979
0 0.6234375 0.3946135831381733 0.140625 0.3957845433255269
0 0.76953125 0.4484777517564403 0.128125 0.4566744730679157
0 0.82265625 0.4215456674473068 0.0953125 0.48711943793911006
0 0.8640625 0.3583138173302108 0.0828125 0.3231850117096019
0 0.95625 0.29859484777517564 0.0453125 0.12412177985948478
0 0.25078125 0.23302107728337237 0.0734375 0.25526932084309134
0 0.9671875 0.3477751756440281 0.065625 0.3747072599531616
0 0.325 0.26229508196721313 0.053125 0.1288056206088993
0 0.10078125 0.25995316159250587 0.090625 0.1990632318501171
0 0.44609375 0.4274004683840749 0.140625 0.6112412177985949
0 0.51171875 0.24004683840749413 0.0375 0.10070257611241218
