0 0.545045045045045 0.625 0.1831831831831832 0.324
0 0.35135135135135137 0.605 0.1921921921921922 0.294
0 0.26876876876876876 0.299 0.13213213213213212 0.256
0 0.09309309309309309 0.668 0.1831831831831832 0.316
0 0.493993993993994 0.173 0.05105105105105105 0.076
0 0.46396396396396394 0.288 0.09309309309309309 0.226
0 0.7027027027027027 0.636 0.16516516516516516 0.168
0 0.6501501501501501 0.481 0.09009009009009009 0.182
0 0.08408408408408409 0.879 0.16816816816816818 0.242
0 0.15765765765765766 0.441 0.17417417417417416 0.254
0 0.3258258258258258 0.902 0.17117117117117117 0.196
0 0.0028364864864864866 0.0008406599999999999 0.000333036036036036 0.00034924
0 0.5285285285285285 0.739 0.30930930930930933 0.34