0 0.5859375 0.5648535564853556 0.0625 0.18828451882845187
0 0.21796875 0.7196652719665272 0.2609375 0.5606694560669456
0 0.5140625 0.5523012552301255 0.071875 0.16317991631799164
0 0.66875 0.5271966527196653 0.0265625 0.09623430962343096
0 0.84296875 0.5282426778242678 0.025 0.09623430962343096
0 0.4015625 0.551255230125523 0.0796875 0.18410041841004185
0 0.3859375 0.48430962343096234 0.0390625 0.06694560669456066
0 0.55859375 0.4874476987447699 0.0109375 0.01882845188284519
0 0.49609375 0.5 0.0171875 0.0397489539748954
0 0.0140625 0.5230125523012552 0.028125 0.0899581589958159
