0 0.6030444964871194 0.60078125 0.405152224824356 0.321875
0 0.20960187353629978 0.6140625 0.41920374707259955 0.3546875
0 0.7353629976580797 0.49765625 0.08430913348946135 0.103125
0 0.35011709601873536 0.5046875 0.14988290398126464 0.11875
0 0.40046838407494145 0.4703125 0.03278688524590164 0.0375
0 0.5105386416861827 0.47890625 0.06791569086651054 0.046875
0 0.936768149882904 0.45546875 0.12646370023419204 0.1171875
0 0.4238875878220141 0.49375 0.03747072599531616 0.059375
0 0.7131147540983607 0.471875 0.03747072599531616 0.040625
0 0.6592505854800936 0.4703125 0.02576112412177986 0.025
0 0.7189695550351288 0.4390625 0.07728337236533958 0.0375
0 0.680327868852459 0.4796875 0.04215456674473068 0.059375
