0 0.3875 0.17083333333333334 0.0875 0.24791666666666667
0 0.78046875 0.10625 0.1140625 0.21041666666666667
0 0.31953125 0.051041666666666666 0.0671875 0.10208333333333333
0 0.0796875 0.08541666666666667 0.028125 0.06041666666666667
0 0.18671875 0.028125 0.0234375 0.052083333333333336
0 0.21328125 0.03125 0.0296875 0.0625
0 0.0140625 0.0375 0.028125 0.06875
0 0.2515625 0.022916666666666665 0.01875 0.04583333333333333
0 0.0453125 0.09791666666666667 0.0296875 0.04791666666666667
0 0.7828125 0.030208333333333334 0.040625 0.058333333333333334
0 0.16328125 0.05520833333333333 0.040625 0.058333333333333334
0 0.1234375 0.046875 0.0484375 0.09375
0 0.02890625 0.03229166666666667 0.0375 0.06458333333333334