0 0.036 0.42835820895522386 0.072 0.1761194029850746
0 0.00112418 0.002257608955223881 0.00040476 0.0014549343283582089
0 0.211 0.4626865671641791 0.126 0.23283582089552238
0 0.388 0.6925373134328359 0.16 0.5313432835820896
0 0.354 0.4716417910447761 0.072 0.21492537313432836
0 0.566 0.3835820895522388 0.094 0.34626865671641793
0 0.699 0.5582089552238806 0.122 0.25671641791044775
0 0.137 0.6805970149253732 0.258 0.6149253731343284
0 0.769 0.4417910447761194 0.052 0.14925373134328357
0 0.306 0.3611940298507463 0.04 0.05373134328358209
0 0.843 0.5761194029850746 0.11 0.33432835820895523
0 0.334 0.41194029850746267 0.046 0.11343283582089553
0 0.922 0.4746268656716418 0.054 0.14626865671641792
