0 0.45625 0.8656330749354005 0.1203125 0.23772609819121446
0 0.83828125 0.28294573643410853 0.021875 0.11886304909560723
0 0.81640625 0.27648578811369506 0.034375 0.07493540051679587
0 0.76796875 0.25193798449612403 0.0328125 0.07493540051679587
0 0.85625 0.2997416020671835 0.03125 0.07235142118863049
0 0.84765625 0.38242894056847543 0.0578125 0.11369509043927649
0 0.76328125 0.15762273901808785 0.0171875 0.07235142118863049
0 0.746875 0.14470284237726097 0.009375 0.03359173126614987
0 0.91484375 0.08010335917312661 0.0109375 0.03359173126614987
0 0.93046875 0.08914728682170543 0.0125 0.046511627906976744
0 0.80390625 0.2558139534883721 0.01875 0.03875968992248062
0 0.9296875 0.7855297157622739 0.140625 0.38242894056847543
