0 0.23203125 0.6873536299765808 0.4640625 0.6252927400468384
0 0.07734375 0.48243559718969553 0.0140625 0.0351288056206089
0 0.7375 0.5011709601873536 0.05625 0.2505854800936768
0 0.5078125 0.4601873536299766 0.0171875 0.07962529274004684
0 0.478125 0.46955503512880564 0.015625 0.06323185011709602
0 0.5640625 0.45550351288056207 0.01875 0.03981264637002342
0 0.01328125 0.5550351288056206 0.0265625 0.16393442622950818
0 0.62578125 0.45901639344262296 0.015625 0.0702576112412178
0 0.86953125 0.468384074941452 0.0453125 0.18032786885245902
0 0.40625 0.5362997658079626 0.0921875 0.2693208430913349
0 0.02890625 0.5140515222482436 0.01875 0.08665105386416862
0 0.77421875 0.4672131147540984 0.028125 0.14285714285714285
0 0.91484375 0.5878220140515222 0.1703125 0.468384074941452
