0 0.41796875 0.35563380281690143 0.1 0.10328638497652583
0 0.13359375 0.4518779342723005 0.0125 0.014084507042253521
0 0.171875 0.5446009389671361 0.0296875 0.06338028169014084
0 0.85234375 0.397887323943662 0.015625 0.025821596244131457
0 0.83203125 0.357981220657277 0.0171875 0.025821596244131457
0 0.78671875 0.37089201877934275 0.046875 0.02112676056338028
0 0.95390625 0.3685446009389671 0.009375 0.02112676056338028
0 0.05390625 0.562206572769953 0.053125 0.04225352112676056
0 0.046875 0.45422535211267606 0.0203125 0.03286384976525822
0 0.81484375 0.35093896713615025 0.0078125 0.018779342723004695
0 0.9625 0.3931924882629108 0.0125 0.023474178403755867
0 0.11953125 0.4565727699530516 0.015625 0.009389671361502348
0 0.77109375 0.4084507042253521 0.015625 0.025821596244131457