0 0.32109375 0.4426229508196721 0.10625 0.3981264637002342
0 0.0014093015625 0.0013357728337236533 0.000306396875 0.002012297423887588
0 0.47109375 0.26346604215456676 0.0203125 0.03981264637002342
0 0.45078125 0.29859484777517564 0.0265625 0.1053864168618267
0 0.04140625 0.31030444964871196 0.025 0.09133489461358314
0 0.0765625 0.28805620608899296 0.01875 0.03044496487119438
0 0.10234375 0.31733021077283374 0.0171875 0.0585480093676815
0 0.69375 0.2505854800936768 0.0109375 0.0351288056206089
0 0.5140625 0.26229508196721313 0.0203125 0.03747072599531616
0 0.534375 0.29859484777517564 0.0203125 0.11241217798594848
0 0.575 0.2611241217798595 0.015625 0.0234192037470726
0 0.19453125 0.45081967213114754 0.1484375 0.41217798594847777
0 0.375 0.27049180327868855 0.0140625 0.03747072599531616