0 0.3734793187347932 0.2234375 0.0364963503649635 0.0390625
0 0.3309002433090024 0.234375 0.0535279805352798 0.059375
0 0.48418491484184917 0.24921875 0.072992700729927 0.0765625
0 0.28102189781021897 0.2140625 0.038929440389294405 0.0359375
0 0.29075425790754256 0.2359375 0.0364963503649635 0.0609375
0 0.22871046228710462 0.23828125 0.0681265206812652 0.0578125
0 0.4744525547445255 0.190625 0.024330900243309004 0.0265625
0 0.5060827250608273 0.190625 0.031630170316301706 0.0375
0 0.5669099756690997 0.1890625 0.031630170316301706 0.0390625
0 0.015815085158150853 0.2421875 0.031630170316301706 0.0390625
0 0.0705596107055961 0.265625 0.09002433090024331 0.0984375
0 0.4489051094890511 0.221875 0.029197080291970802 0.0359375
