0 0.140625 0.8458333333333333 0.1296875 0.30416666666666664
0 0.45546875 0.7427083333333333 0.01875 0.06041666666666667
0 0.73671875 0.840625 0.11875 0.29583333333333334
0 0.0014210453125 0.0017378479166666667 0.00021845781249999998 0.0006909729166666666
0 0.5921875 0.8614583333333333 0.096875 0.27708333333333335
0 0.80625 0.828125 0.0609375 0.2625
0 0.6296875 0.775 0.028125 0.12708333333333333
0 0.35078125 0.740625 0.0203125 0.06666666666666667
0 0.47109375 0.7677083333333333 0.028125 0.11875
0 0.08046875 0.7520833333333333 0.03125 0.0875
0 0.50078125 0.7635416666666667 0.0296875 0.12083333333333333
0 0.38203125 0.7354166666666667 0.015625 0.04791666666666667
0 0.39609375 0.7385416666666667 0.015625 0.04375