0 0.5885416666666666 0.8734375 0.17916666666666667 0.253125
0 0.37604166666666666 0.8859375 0.12916666666666668 0.228125
0 0.4708333333333333 0.84609375 0.06041666666666667 0.1515625
0 0.34270833333333334 0.80703125 0.05 0.075
0 0.5354166666666667 0.79375 0.03958333333333333 0.0515625
0 0.43020833333333336 0.79765625 0.027083333333333334 0.0609375
0 0.509375 0.803125 0.0375 0.0796875
0 0.41458333333333336 0.79609375 0.025 0.025
0 0.4875 0.7828125 0.020833333333333332 0.03125
0 0.4739583333333333 0.78046875 0.01875 0.0296875
0 0.7270833333333333 0.7625 0.010416666666666666 0.025
0 0.9375 0.7640625 0.014583333333333334 0.0171875
