0 0.19921875 0.65807962529274 0.1140625 0.5480093676814989
0 0.3296875 0.6264637002341921 0.0578125 0.3161592505854801
0 0.396875 0.5749414519906323 0.04375 0.234192037470726
0 0.45546875 0.8442622950819673 0.13125 0.2810304449648712
0 0.69140625 0.594847775175644 0.084375 0.2786885245901639
0 0.6890625 0.6510538641686182 0.0578125 0.2107728337236534
0 0.5796875 0.6311475409836066 0.034375 0.2505854800936768
0 0.30078125 0.46604215456674475 0.015625 0.06323185011709602
0 0.07578125 0.6276346604215457 0.0515625 0.2997658079625293
0 0.08046875 0.5046838407494145 0.03125 0.11475409836065574
0 0.0453125 0.6288056206088993 0.08125 0.3793911007025761
0 0.92734375 0.6416861826697893 0.084375 0.3255269320843091
0 0.88125 0.5398126463700235 0.0328125 0.07962529274004684
