0 0.40234375 0.48243559718969553 0.240625 0.594847775175644
0 0.70234375 0.4297423887587822 0.240625 0.5831381733021077
0 0.0734375 0.36065573770491804 0.1453125 0.7213114754098361
0 0.64375 0.26697892271662765 0.096875 0.4332552693208431
0 0.23984375 0.5327868852459017 0.2046875 0.6276346604215457
0 0.48984375 0.29156908665105385 0.115625 0.4964871194379391
0 0.175 0.24121779859484777 0.09375 0.2903981264637002
0 0.54140625 0.11007025761124122 0.059375 0.16159250585480095
0 0.953125 0.4379391100702576 0.09375 0.4262295081967213
0 0.48671875 0.09836065573770492 0.0921875 0.13817330210772832
0 0.3453125 0.2540983606557377 0.1328125 0.3372365339578454
0 0.60546875 0.12060889929742388 0.06875 0.1405152224824356
