0 0.223 0.664 0.14 0.216
0 0.186 0.43866666666666665 0.048 0.104
0 0.435 0.8373333333333334 0.032 0.08266666666666667
0 0.128 0.728 0.066 0.06133333333333333
0 0.643 0.19066666666666668 0.044 0.13333333333333333
0 0.615 0.2613333333333333 0.034 0.06666666666666667
0 0.556 0.616 0.046 0.15466666666666667
0 0.531 0.6373333333333333 0.04 0.11466666666666667
0 0.509 0.6213333333333333 0.022 0.06933333333333333
0 0.664 0.24933333333333332 0.022 0.04
0 0.293 0.7586666666666667 0.016 0.029333333333333333
0 0.684 0.23466666666666666 0.054 0.13066666666666665