0 0.490625 0.69765625 0.16875 0.3546875
0 0.2604166666666667 0.64609375 0.09791666666666667 0.2265625
0 0.43854166666666666 0.5859375 0.04583333333333333 0.1
0 0.6479166666666667 0.56328125 0.03333333333333333 0.0296875
0 0.55 0.5609375 0.025 0.0296875
0 0.5916666666666667 0.61015625 0.03958333333333333 0.059375
0 0.42291666666666666 0.559375 0.03125 0.0328125
0 0.6645833333333333 0.59296875 0.04791666666666667 0.034375
0 0.8260416666666667 0.43828125 0.014583333333333334 0.0234375
0 0.37916666666666665 0.6828125 0.14166666666666666 0.3109375
0 0.06666666666666667 0.7515625 0.13333333333333333 0.496875
