0 0.408 0.5285285285285285 0.154 0.46546546546546547
0 0.189 0.25075075075075076 0.064 0.3813813813813814
0 0.069 0.36486486486486486 0.098 0.35135135135135137
0 0.532 0.11411411411411411 0.104 0.16216216216216217
0 0.49 0.1021021021021021 0.078 0.16516516516516516
0 0.719 0.16366366366366367 0.092 0.13813813813813813
0 0.875 0.18468468468468469 0.116 0.23123123123123124
0 0.757 0.16966966966966968 0.11 0.2072072072072072
0 0.937 0.2132132132132132 0.12 0.2012012012012012
0 0.647 0.16216216216216217 0.094 0.1831831831831832
0 0.829 0.18468468468468469 0.08 0.2012012012012012
0 0.958 0.08858858858858859 0.084 0.17717717717717718
0 0.26 0.0915915915915916 0.08 0.1831831831831832
