0 0.975 0.15104166666666666 0.0453125 0.2875
0 0.0875 0.125 0.0875 0.20833333333333334
0 0.3984375 0.07604166666666666 0.0703125 0.11875
0 0.540625 0.04583333333333333 0.0265625 0.09166666666666666
0 0.56875 0.041666666666666664 0.025 0.08333333333333333
0 0.2796875 0.11875 0.134375 0.2375
0 0.04609375 0.11875 0.0328125 0.18958333333333333
0 0.9109375 0.11458333333333333 0.090625 0.225
0 0.6828125 0.04375 0.025 0.0875
0 0.76484375 0.06666666666666667 0.034375 0.06666666666666667
0 0.6125 0.041666666666666664 0.0375 0.06875
0 0.5859375 0.030208333333333334 0.0140625 0.06041666666666667
0 0.84765625 0.052083333333333336 0.040625 0.10416666666666667
