0 0.2421875 0.6185446009389671 0.4609375 0.7629107981220657
0 0.3984375 0.4812206572769953 0.23125 0.4671361502347418
0 0.10703125 0.6490610328638498 0.2140625 0.7018779342723005
0 0.03515625 0.4295774647887324 0.0546875 0.176056338028169
0 0.0014582890625000002 0.001708518779342723 0.00020842343750000002 0.001274161971830986
0 0.203125 0.4096244131455399 0.06875 0.14788732394366197
0 0.01796875 0.4413145539906103 0.0359375 0.18779342723004694
0 0.55 0.7605633802816901 0.1640625 0.460093896713615
0 0.3921875 0.426056338028169 0.0484375 0.11267605633802817
0 0.81328125 0.4694835680751174 0.046875 0.05868544600938967
0 0.9125 0.4460093896713615 0.065625 0.07981220657276995
0 0.878125 0.3744131455399061 0.040625 0.07981220657276995
0 0.4359375 0.46830985915492956 0.034375 0.08215962441314555