0 0.459375 0.6619718309859155 0.196875 0.2934272300469484
0 0.27890625 0.5974178403755869 0.159375 0.4507042253521127
0 0.2203125 0.41784037558685444 0.1 0.30985915492957744
0 0.63046875 0.5669014084507042 0.25 0.5211267605633803
0 0.06953125 0.29694835680751175 0.0625 0.07981220657276995
0 0.04375 0.2687793427230047 0.0453125 0.11502347417840375
0 0.01875 0.3004694835680751 0.0375 0.06807511737089202
0 0.39296875 0.22417840375586853 0.040625 0.09389671361502347
0 0.396875 0.2852112676056338 0.0703125 0.09154929577464789
0 0.440625 0.27230046948356806 0.059375 0.11971830985915492
0 0.625 0.27582159624413144 0.065625 0.10093896713615023
0 0.56640625 0.20539906103286384 0.0859375 0.1619718309859155
0 0.471875 0.23826291079812206 0.0671875 0.13849765258215962
