0 0.465625 0.503125 0.0328125 0.3875
0 0.0875 0.51875 0.0265625 0.3625
0 0.70078125 0.50625 0.0421875 0.39375
0 0.75625 0.503125 0.0671875 0.4875
0 0.91640625 0.51875 0.0375 0.425
0 0.33359375 0.525 0.0296875 0.375
0 0.86875 0.5625 0.0484375 0.5
0 0.00703125 0.5625 0.0109375 0.425
0 0.6546875 0.471875 0.0359375 0.34375
0 0.58046875 0.521875 0.04375 0.43125
0 0.001528284375 0.0035041000000000004 0.0000684328125 0.002998825
0 0.221875 0.5 0.021875 0.33125
0 0.5390625 0.4875 0.0265625 0.33125
