0 0.5546875 0.07259953161592506 0.040625 0.09836065573770492
0 0.43046875 0.148711943793911 0.034375 0.1288056206088993
0 0.64375 0.2939110070257611 0.078125 0.2903981264637002
0 0.47421875 0.29508196721311475 0.04375 0.10772833723653395
0 0.96953125 0.32786885245901637 0.0609375 0.06557377049180328
0 0.35234375 0.25175644028103045 0.028125 0.17330210772833723
0 0.271875 0.26697892271662765 0.046875 0.15456674473067916
0 0.2 0.2892271662763466 0.0640625 0.11007025761124122
0 0.20546875 0.1686182669789227 0.0515625 0.07728337236533958
0 0.74453125 0.5515222482435597 0.109375 0.23185011709601874
0 0.7109375 0.3161592505854801 0.05625 0.07728337236533958
0 0.41875 0.30679156908665106 0.0484375 0.08430913348946135
0 0.56875 0.31030444964871196 0.0671875 0.0702576112412178