0 0.25703125 0.5432242990654206 0.171875 0.6051401869158879
0 0.8875 0.5537383177570093 0.13125 0.616822429906542
0 0.34921875 0.5257009345794392 0.1359375 0.5677570093457944
0 0.559375 0.5992990654205608 0.1828125 0.5514018691588785
0 0.65234375 0.4941588785046729 0.1421875 0.6261682242990654
0 0.79921875 0.5771028037383178 0.159375 0.42757009345794394
0 0.47734375 0.49065420560747663 0.103125 0.6261682242990654
0 0.9734375 0.20093457943925233 0.053125 0.308411214953271
0 0.70859375 0.012850467289719626 0.05625 0.02570093457943925
0 0.17421875 0.5116822429906542 0.0875 0.6098130841121495
0 0.79140625 0.02102803738317757 0.0875 0.04205607476635514