0 0.51953125 0.5476653696498055 0.3 0.8657587548638133
0 0.74140625 0.31809338521400776 0.165625 0.33073929961089493
0 0.26171875 0.44163424124513617 0.0625 0.22762645914396887
0 0.06484375 0.490272373540856 0.096875 0.45330739299610895
0 0.39296875 0.5038910505836576 0.0921875 0.3346303501945525
0 0.3421875 0.5107003891050583 0.0609375 0.2840466926070039
0 0.2953125 0.448443579766537 0.0359375 0.2237354085603113
0 0.19375 0.36770428015564205 0.05625 0.0622568093385214
0 0.2046875 0.5846303501945526 0.2015625 0.41050583657587547
0 0.11015625 0.49513618677042803 0.115625 0.4046692607003891
0 0.5359375 0.6342412451361867 0.0265625 0.07587548638132295