0 0.357 0.6213333333333333 0.096 0.4746666666666667
0 0.793 0.544 0.058 0.104
0 0.723 0.5426666666666666 0.072 0.13066666666666665
0 0.712 0.5026666666666667 0.034 0.10133333333333333
0 0.723 0.456 0.028 0.048
0 0.61 0.6146666666666667 0.104 0.33066666666666666
0 0.061 0.6813333333333333 0.122 0.528
0 0.124 0.556 0.038 0.22133333333333333
0 0.926 0.668 0.144 0.4693333333333333
0 0.864 0.5533333333333333 0.05 0.096
0 0.781 0.5013333333333333 0.046 0.10666666666666667
0 0.098 0.508 0.022 0.050666666666666665
