0 0.5746445497630331 0.51640625 0.2037914691943128 0.175
0 0.5959715639810427 0.4171875 0.24644549763033174 0.1453125
0 0.490521327014218 0.1625 0.12796208530805686 0.10625
0 0.3341232227488152 0.5953125 0.3341232227488152 0.2171875
0 0.22037914691943128 0.31796875 0.2677725118483412 0.303125
0 0.4218009478672986 0.38203125 0.24881516587677724 0.221875
0 0.6504739336492891 0.3234375 0.17298578199052134 0.1171875
0 0.669431279620853 0.15390625 0.06635071090047394 0.0828125
0 0.6232227488151659 0.20078125 0.15639810426540285 0.0953125
0 0.6658767772511849 0.2828125 0.16350710900473933 0.1171875
0 0.3590047393364929 0.20390625 0.12085308056872038 0.084375
0 0.39691943127962087 0.16875 0.11848341232227488 0.1015625
0 0.35071090047393366 0.1203125 0.1018957345971564 0.0859375