0 0.4921875 0.8916666666666667 0.009375 0.052083333333333336
0 0.12734375 0.9 0.0296875 0.05416666666666667
0 0.68046875 0.8854166666666666 0.00625 0.029166666666666667
0 0.70703125 0.8854166666666666 0.0046875 0.03125
0 0.70234375 0.8875 0.00625 0.025
0 0.48359375 0.8802083333333334 0.0078125 0.025
0 0.5296875 0.8822916666666667 0.015625 0.03958333333333333
0 0.7140625 0.8864583333333333 0.00625 0.029166666666666667
0 0.4296875 0.8739583333333333 0.00625 0.01875
0 0.47421875 0.8760416666666667 0.003125 0.016666666666666666
0 0.41640625 0.8729166666666667 0.00625 0.016666666666666666
0 0.45234375 0.86875 0.00625 0.025
0 0.42109375 0.8583333333333333 0.0078125 0.014583333333333334