0 0.4473684210526316 0.46484375 0.3684210526315789 0.490625
0 0.8360323886639676 0.43671875 0.06680161943319839 0.175
0 0.15384615384615385 0.515625 0.09919028340080972 0.1328125
0 0.19635627530364372 0.50390625 0.0728744939271255 0.1296875
0 0.27631578947368424 0.490625 0.07489878542510121 0.1265625
0 0.582995951417004 0.4296875 0.03643724696356275 0.0359375
0 0.3451417004048583 0.48984375 0.10121457489878542 0.1265625
0 0.2894736842105263 0.44921875 0.03441295546558704 0.0921875
0 0.5647773279352226 0.4796875 0.08906882591093117 0.1078125
0 0.6062753036437247 0.4765625 0.06680161943319839 0.0953125
0 0.10121457489878542 0.4453125 0.058704453441295545 0.059375
0 0.770242914979757 0.459375 0.06477732793522267 0.0703125
0 0.07489878542510121 0.521875 0.07692307692307693 0.1328125