0 0.95390625 0.5058548009367682 0.065625 0.09836065573770492
0 0.51484375 0.5585480093676815 0.01875 0.05152224824355972
0 0.06875 0.6229508196721312 0.13125 0.639344262295082
0 0.30234375 0.5456674473067916 0.025 0.04449648711943794
0 0.40390625 0.5585480093676815 0.05 0.11475409836065574
0 0.35 0.5749414519906323 0.0421875 0.09836065573770492
0 0.23671875 0.5398126463700235 0.05 0.09133489461358314
0 0.565625 0.4379391100702576 0.1578125 0.47540983606557374
0 0.6890625 0.4332552693208431 0.2859375 0.5128805620608899
0 0.2015625 0.6194379391100703 0.14375 0.24355971896955503
0 0.15859375 0.5573770491803278 0.040625 0.0936768149882904
0 0.29453125 0.5889929742388759 0.1078125 0.14988290398126464
