0 0.20390625 0.572599531615925 0.0734375 0.3161592505854801
0 0.309375 0.5281030444964872 0.0515625 0.21779859484777517
0 0.6578125 0.6323185011709602 0.1640625 0.5784543325526932
0 0.3828125 0.47540983606557374 0.0609375 0.19437939110070257
0 0.4796875 0.4894613583138173 0.0578125 0.18032786885245902
0 0.55546875 0.5199063231850117 0.0625 0.2459016393442623
0 0.7578125 0.4672131147540984 0.053125 0.09601873536299765
0 0.34921875 0.5 0.0328125 0.17096018735362997
0 0.73515625 0.5491803278688525 0.0296875 0.2224824355971897
0 0.74375 0.4707259953161593 0.0234375 0.06323185011709602
0 0.79609375 0.5515222482435597 0.090625 0.297423887587822