0 0.4264705882352941 0.4918300653594771 0.05718954248366013 0.10784313725490197
0 0.4305555555555556 0.7287581699346405 0.07679738562091504 0.20915032679738563
0 0.826797385620915 0.5334967320261438 0.05555555555555555 0.17973856209150327
0 0.4910130718954248 0.7001633986928104 0.09640522875816994 0.18627450980392157
0 0.6176470588235294 0.6699346405228758 0.08660130718954248 0.2042483660130719
0 0.7810457516339869 0.49673202614379086 0.05718954248366013 0.12908496732026145
0 0.46568627450980393 0.42892156862745096 0.05392156862745098 0.10620915032679738
0 0.2957516339869281 0.4795751633986928 0.042483660130718956 0.06372549019607843
0 0.3602941176470588 0.619281045751634 0.05555555555555555 0.09803921568627451
0 0.24754901960784315 0.3888888888888889 0.03104575163398693 0.0718954248366013
0 0.23774509803921567 0.4852941176470588 0.042483660130718956 0.07516339869281045
0 0.6683006535947712 0.8578431372549019 0.119281045751634 0.272875816993464
0 0.2696078431372549 0.3799019607843137 0.026143790849673203 0.0784313725490196