0 0.33933933933933935 0.479 0.0990990990990991 0.054
0 0.23573573573573572 0.479 0.06006006006006006 0.054
0 0.19369369369369369 0.514 0.09009009009009009 0.11
0 0.10960960960960961 0.508 0.09309309309309309 0.108
0 0.03903903903903904 0.493 0.07807807807807808 0.12
0 0.2747747747747748 0.487 0.057057057057057055 0.044
0 0.12312312312312312 0.464 0.1021021021021021 0.074
0 0.25825825825825827 0.39 0.021021021021021023 0.036
0 0.1981981981981982 0.369 0.024024024024024024 0.026
0 0.34984984984984985 0.441 0.04504504504504504 0.032
0 0.012012012012012012 0.357 0.018018018018018018 0.026
0 0.6081081081081081 0.356 0.5075075075075075 0.316
0 0.0075075075075075074 0.447 0.015015015015015015 0.042