0 0.4171875 0.46145833333333336 0.178125 0.26666666666666666
0 0.61328125 0.471875 0.1515625 0.2833333333333333
0 0.12578125 0.48125 0.00625 0.016666666666666666
0 0.1609375 0.4666666666666667 0.0046875 0.010416666666666666
0 0.1640625 0.4791666666666667 0.0078125 0.010416666666666666
0 0.15546875 0.484375 0.0046875 0.016666666666666666
0 0.3640625 0.48020833333333335 0.0078125 0.025
0 0.084375 0.4791666666666667 0.00625 0.016666666666666666
0 0.75703125 0.5166666666666667 0.0109375 0.025
0 0.121875 0.46041666666666664 0.00625 0.014583333333333334
0 0.35390625 0.48125 0.0046875 0.022916666666666665
0 0.2921875 0.4875 0.00625 0.027083333333333334
0 0.321875 0.478125 0.00625 0.016666666666666666
