0 0.86640625 0.5964705882352941 0.028125 0.10352941176470588
0 0.78828125 0.6035294117647059 0.01875 0.08
0 0.846875 0.5764705882352941 0.015625 0.03529411764705882
0 0.5765625 0.5811764705882353 0.0109375 0.021176470588235293
0 0.828125 0.6070588235294118 0.01875 0.07294117647058823
0 0.753125 0.6058823529411764 0.0203125 0.06588235294117648
0 0.73671875 0.58 0.0109375 0.02823529411764706
0 0.72578125 0.5776470588235294 0.0234375 0.03058823529411765
0 0.7 0.6176470588235294 0.0125 0.03529411764705882
0 0.62421875 0.5776470588235294 0.0078125 0.018823529411764704
0 0.940625 0.5623529411764706 0.0125 0.02823529411764706
0 0.96484375 0.5670588235294117 0.0171875 0.03294117647058824
0 0.65859375 0.5788235294117647 0.009375 0.02588235294117647