0 0.461 0.512012012012012 0.118 0.45645645645645644
0 0.343 0.4924924924924925 0.146 0.37237237237237236
0 0.054 0.07357357357357357 0.108 0.13513513513513514
0 0.137 0.07057057057057058 0.07 0.12912912912912913
0 0.213 0.07207207207207207 0.096 0.11711711711711711
0 0.544 0.05555555555555555 0.064 0.1021021021021021
0 0.375 0.06156156156156156 0.086 0.12312312312312312
0 0.458 0.06006006006006006 0.098 0.12012012012012012
0 0.617 0.052552552552552555 0.082 0.10510510510510511
0 0.286 0.07057057057057058 0.07 0.1111111111111111
0 0.134 0.04354354354354354 0.088 0.08408408408408409
0 0.457 0.5540540540540541 0.182 0.24324324324324326
0 0.796 0.05105105105105105 0.102 0.1021021021021021