0 0.8796875 0.875 0.0375 0.12916666666666668
0 0.921875 0.7166666666666667 0.0078125 0.020833333333333332
0 0.48125 0.6833333333333333 0.003125 0.010416666666666666
0 0.91328125 0.9041666666666667 0.0296875 0.11875
0 0.29296875 0.76875 0.009375 0.022916666666666665
0 0.94296875 0.7239583333333334 0.009375 0.0375
0 0.9265625 0.7197916666666667 0.0046875 0.00625
0 0.03828125 0.6916666666666667 0.0078125 0.014583333333333334
0 0.71328125 0.7 0.003125 0.0125
0 0.7203125 0.7260416666666667 0.00625 0.016666666666666666
0 0.2875 0.9166666666666666 0.034375 0.15416666666666667