0 0.53046875 0.3572916666666667 0.071875 0.2
0 0.1984375 0.4375 0.115625 0.29375
0 0.6046875 0.2708333333333333 0.0546875 0.06458333333333334
0 0.403125 0.246875 0.0421875 0.1375
0 0.3359375 0.24166666666666667 0.0296875 0.14583333333333334
0 0.49375 0.20520833333333333 0.0515625 0.08958333333333333
0 0.8328125 0.016666666666666666 0.0515625 0.03333333333333333
0 0.06015625 0.24583333333333332 0.065625 0.16041666666666668
0 0.3640625 0.2125 0.0375 0.08333333333333333
0 0.01796875 0.28958333333333336 0.0359375 0.06875
0 0.6859375 0.6333333333333333 0.1640625 0.4041666666666667