0 0.359375 0.5629370629370629 0.6609375 0.8508158508158508
0 0.40234375 0.38344988344988346 0.05 0.20046620046620048
0 0.10625 0.38461538461538464 0.0390625 0.15151515151515152
0 0.44453125 0.3554778554778555 0.03125 0.14219114219114218
0 0.4171875 0.3881118881118881 0.025 0.16317016317016317
0 0.1375 0.3764568764568765 0.0328125 0.15151515151515152
0 0.3515625 0.36363636363636365 0.0515625 0.14219114219114218
0 0.07421875 0.38578088578088576 0.028125 0.15151515151515152
0 0.03046875 0.4160839160839161 0.0609375 0.22843822843822845
0 0.21015625 0.3543123543123543 0.0265625 0.11421911421911422
0 0.03125 0.41025641025641024 0.0265625 0.14685314685314685
0 0.175 0.36247086247086246 0.0171875 0.1258741258741259
