0 0.1703125 0.7505854800936768 0.034375 0.1358313817330211
0 0.24375 0.47306791569086654 0.0125 0.04918032786885246
0 0.27890625 0.5597189695550351 0.0234375 0.09601873536299765
0 0.25625 0.48243559718969553 0.015625 0.05620608899297424
0 0.3453125 0.5480093676814989 0.0234375 0.10070257611241218
0 0.22734375 0.42505854800936765 0.009375 0.0351288056206089
0 0.34921875 0.3992974238875878 0.009375 0.0234192037470726
0 0.26875 0.47423887587822017 0.015625 0.06323185011709602
0 0.21953125 0.41451990632318503 0.00625 0.03278688524590164
0 0.19296875 0.3864168618266979 0.00625 0.01873536299765808
0 0.4875 0.4601873536299766 0.01875 0.03981264637002342
0 0.19765625 0.3864168618266979 0.0046875 0.01405152224824356
