0 0.5390625 0.6891117478510028 0.096875 0.5071633237822349
0 0.61171875 0.6361031518624641 0.1046875 0.498567335243553
0 0.325 0.5286532951289399 0.021875 0.054441260744985676
0 0.3078125 0.5243553008595988 0.015625 0.05730659025787966
0 0.50234375 0.6160458452722063 0.059375 0.44412607449856734
0 0.0390625 0.5171919770773639 0.0328125 0.1346704871060172
0 0.27265625 0.505730659025788 0.021875 0.07736389684813753
0 0.97734375 0.4154727793696275 0.00625 0.05157593123209169
0 0.95625 0.4154727793696275 0.0140625 0.03724928366762178
0 0.97109375 0.4154727793696275 0.0078125 0.05157593123209169
0 0.96484375 0.4183381088825215 0.009375 0.054441260744985676
