0 0.30546875 0.5398126463700235 0.175 0.8126463700234192
0 0.18671875 0.4028103044496487 0.171875 0.667447306791569
0 0.0875 0.41217798594847777 0.115625 0.3793911007025761
0 0.06796875 0.1791569086651054 0.0875 0.1592505854800937
0 0.4234375 0.3758782201405152 0.146875 0.234192037470726
0 0.5859375 0.3255269320843091 0.08125 0.2107728337236534
0 0.75390625 0.5866510538641686 0.134375 0.3325526932084309
0 0.878125 0.585480093676815 0.240625 0.7985948477751756
0 0.89609375 0.18501170960187355 0.0765625 0.08430913348946135
0 0.7296875 0.3407494145199063 0.0640625 0.1873536299765808
0 0.4484375 0.2259953161592506 0.059375 0.11007025761124122
0 0.95078125 0.20608899297423888 0.0984375 0.117096018735363
0 0.5171875 0.33138173302107726 0.0515625 0.1873536299765808
