0 0.38515625 0.6764705882352942 0.028125 0.10588235294117647
0 0.40703125 0.6776470588235294 0.0234375 0.09411764705882353
0 0.14296875 0.68 0.0328125 0.10588235294117647
0 0.17890625 0.6752941176470588 0.021875 0.10823529411764705
0 0.45 0.6447058823529411 0.021875 0.04
0 0.48046875 0.6447058823529411 0.021875 0.042352941176470586
0 0.509375 0.648235294117647 0.01875 0.05647058823529412
0 0.52734375 0.6494117647058824 0.0171875 0.05411764705882353
0 0.55234375 0.6470588235294118 0.0265625 0.04470588235294118
0 0.7640625 0.6494117647058824 0.03125 0.06352941176470588
0 0.70390625 0.6882352941176471 0.0125 0.05176470588235294
0 0.0421875 0.6670588235294118 0.0546875 0.08235294117647059
0 0.0703125 0.6764705882352942 0.03125 0.08