0 0.5461956521739131 0.75390625 0.13405797101449277 0.1765625
0 0.47282608695652173 0.70390625 0.09963768115942029 0.1609375
0 0.427536231884058 0.43359375 0.050724637681159424 0.0703125
0 0.7391304347826086 0.48125 0.15760869565217392 0.09375
0 0.7019927536231884 0.43828125 0.08695652173913043 0.103125
0 0.6539855072463768 0.2875 0.028985507246376812 0.0296875
0 0.634963768115942 0.16484375 0.04528985507246377 0.040625
0 0.3351449275362319 0.42109375 0.09420289855072464 0.15625
0 0.3179347826086957 0.590625 0.07246376811594203 0.10625
0 0.5905797101449275 0.72265625 0.1358695652173913 0.171875
0 0.7409420289855072 0.259375 0.03985507246376811 0.05
0 0.4601449275362319 0.4171875 0.057971014492753624 0.0703125
0 0.11865942028985507 0.48046875 0.09963768115942029 0.1203125
