0 0.693 0.5520833333333334 0.094 0.4296875
0 0.475 0.7135416666666666 0.172 0.3307291666666667
0 0.493 0.51171875 0.062 0.3020833333333333
0 0.411 0.51953125 0.066 0.3151041666666667
0 0.34 0.5234375 0.05 0.34375
0 0.253 0.5091145833333334 0.08 0.3151041666666667
0 0.64 0.5338541666666666 0.074 0.3958333333333333
0 0.535 0.5286458333333334 0.132 0.3020833333333333
0 0.532 0.4270833333333333 0.044 0.13020833333333334
0 0.92 0.5377604166666666 0.09 0.4166666666666667
0 0.371 0.5377604166666666 0.06 0.3463541666666667
0 0.31 0.5221354166666666 0.062 0.3333333333333333
0 0.805 0.50390625 0.098 0.3411458333333333