0 0.4203125 0.6604215456674473 0.009375 0.0351288056206089
0 0.93125 0.8243559718969555 0.1328125 0.351288056206089
0 0.578125 0.7037470725995316 0.0125 0.04449648711943794
0 0.53828125 0.7868852459016393 0.0265625 0.14285714285714285
0 0.7203125 0.8114754098360656 0.0546875 0.2224824355971897
0 0.64609375 0.7412177985948478 0.0375 0.06791569086651054
0 0.2921875 0.7763466042154566 0.021875 0.09133489461358314
0 0.3234375 0.775175644028103 0.0265625 0.0936768149882904
0 0.209375 0.8594847775175644 0.1375 0.2716627634660422
0 0.57578125 0.7306791569086651 0.0203125 0.04215456674473068
0 0.79453125 0.8454332552693209 0.103125 0.30679156908665106
0 0.13125 0.7599531615925058 0.03125 0.04449648711943794
0 0.8484375 0.8618266978922716 0.0625 0.27634660421545665
