0 0.4296875 0.39684466019417475 0.309375 0.4368932038834951
0 0.61328125 0.6043689320388349 0.0125 0.038834951456310676
0 0.88515625 0.5533980582524272 0.028125 0.08495145631067962
0 0.74765625 0.5485436893203883 0.0234375 0.09223300970873786
0 0.28515625 0.5716019417475728 0.0359375 0.11407766990291263
0 0.82421875 0.5473300970873787 0.0375 0.07281553398058252
0 0.915625 0.5837378640776699 0.0421875 0.18689320388349515
0 0.6859375 0.5497572815533981 0.0296875 0.08737864077669903
0 0.52734375 0.6031553398058253 0.0125 0.021844660194174758
0 0.49375 0.5242718446601942 0.0140625 0.06310679611650485
0 0.634375 0.587378640776699 0.0125 0.021844660194174758
0 0.59765625 0.6007281553398058 0.0109375 0.04854368932038835
0 0.6234375 0.6007281553398058 0.0125 0.043689320388349516