0 0.49375 0.614247311827957 0.0125 0.04838709677419355
0 0.73515625 0.7526881720430108 0.01875 0.10483870967741936
0 0.75 0.7553763440860215 0.0203125 0.12365591397849462
0 0.5953125 0.7674731182795699 0.0234375 0.10483870967741936
0 0.8359375 0.7379032258064516 0.021875 0.11559139784946236
0 0.56015625 0.6370967741935484 0.0078125 0.04838709677419355
0 0.57578125 0.6344086021505376 0.0109375 0.053763440860215055
0 0.28359375 0.8387096774193549 0.040625 0.14516129032258066
0 0.6125 0.6330645161290323 0.0109375 0.056451612903225805
0 0.76328125 0.760752688172043 0.0140625 0.10215053763440861
0 0.35625 0.9502688172043011 0.0359375 0.0967741935483871
0 0.94609375 0.8172043010752689 0.0265625 0.10483870967741936
0 0.84296875 0.8615591397849462 0.04375 0.1586021505376344