0 0.64453125 0.33647058823529413 0.0828125 0.2235294117647059
0 0.88203125 0.22705882352941176 0.00625 0.02823529411764706
0 0.4078125 0.37529411764705883 0.0984375 0.13647058823529412
0 0.05390625 0.34823529411764703 0.065625 0.17882352941176471
0 0.584375 0.29764705882352943 0.0734375 0.25882352941176473
0 0.16328125 0.31411764705882356 0.059375 0.08941176470588236
0 0.24765625 0.3458823529411765 0.071875 0.17647058823529413
0 0.1625 0.1976470588235294 0.165625 0.27058823529411763
0 0.31796875 0.32588235294117646 0.0671875 0.19058823529411764
0 0.25625 0.26235294117647057 0.0390625 0.14823529411764705
0 0.48515625 0.2411764705882353 0.009375 0.03529411764705882
0 0.1203125 0.37058823529411766 0.075 0.16470588235294117
0 0.69609375 0.32823529411764707 0.0578125 0.17647058823529413