0 0.41171875 0.6223776223776224 0.30625 0.5967365967365967
0 0.70078125 0.5524475524475524 0.328125 0.7738927738927739
0 0.4625 0.2529137529137529 0.0515625 0.08857808857808858
0 0.42421875 0.16083916083916083 0.0421875 0.10722610722610723
0 0.68984375 0.06177156177156177 0.0421875 0.07925407925407925
0 0.83984375 0.1258741258741259 0.034375 0.1585081585081585
0 0.88125 0.11771561771561771 0.0453125 0.17715617715617715
0 0.94140625 0.10139860139860139 0.034375 0.15384615384615385
0 0.4421875 0.35664335664335667 0.04375 0.15151515151515152
0 0.1765625 0.30885780885780884 0.0515625 0.07459207459207459
0 0.76328125 0.16433566433566432 0.0421875 0.08158508158508158
0 0.828125 0.2878787878787879 0.0421875 0.08158508158508158
0 0.2390625 0.31934731934731936 0.034375 0.09557109557109557