0 0.54765625 0.6760416666666667 0.0296875 0.05416666666666667
0 0.9 0.865625 0.0234375 0.06041666666666667
0 0.48515625 0.7083333333333334 0.0234375 0.041666666666666664
0 0.50234375 0.659375 0.025 0.05625
0 0.2875 0.934375 0.04375 0.05416666666666667
0 0.4234375 0.6979166666666666 0.0265625 0.05625
0 0.8765625 0.8916666666666667 0.0265625 0.09791666666666667
0 0.33828125 0.7322916666666667 0.0328125 0.05416666666666667
0 0.08828125 0.821875 0.0359375 0.04791666666666667
0 0.32734375 0.7072916666666667 0.01875 0.03125
0 0.65703125 0.6708333333333333 0.0234375 0.05625
0 0.27734375 0.740625 0.0203125 0.03958333333333333
