0 0.60625 0.6583333333333333 0.04375 0.17291666666666666
0 0.80859375 0.6427083333333333 0.0359375 0.13958333333333334
0 0.3921875 0.6697916666666667 0.05625 0.17916666666666667
0 0.42265625 0.6333333333333333 0.0375 0.16875
0 0.30546875 0.659375 0.0453125 0.16041666666666668
0 0.6765625 0.6041666666666666 0.01875 0.08541666666666667
0 0.53125 0.6385416666666667 0.040625 0.16458333333333333
0 0.165625 0.6104166666666667 0.0203125 0.18333333333333332
0 0.24765625 0.625 0.04375 0.16875
0 0.82734375 0.590625 0.015625 0.052083333333333336
0 0.6953125 0.5927083333333333 0.021875 0.05416666666666667
0 0.66484375 0.5979166666666667 0.0109375 0.0625
0 0.65625 0.609375 0.0234375 0.0875