0 0.2604166666666667 0.703125 0.014423076923076924 0.0484375
0 0.23317307692307693 0.69921875 0.017628205128205128 0.05
0 0.18509615384615385 0.7453125 0.011217948717948718 0.0125
0 0.36538461538461536 0.7578125 0.02403846153846154 0.040625
0 0.8934294871794872 0.76328125 0.028846153846153848 0.0421875
0 0.3301282051282051 0.74140625 0.016025641025641024 0.021875
0 0.12900641025641027 0.74609375 0.02403846153846154 0.021875
0 0.29086538461538464 0.69296875 0.01282051282051282 0.03125
0 0.45913461538461536 0.7671875 0.014423076923076924 0.015625
0 0.27003205128205127 0.64296875 0.014423076923076924 0.04375
0 0.28205128205128205 0.6921875 0.008012820512820512 0.034375
0 0.25961538461538464 0.61875 0.01282051282051282 0.040625
