0 0.23828125 0.6559633027522935 0.234375 0.6032110091743119
0 0.3640625 0.7213302752293578 0.125 0.28440366972477066
0 0.37734375 0.569954128440367 0.1078125 0.32798165137614677
0 0.6390625 0.4426605504587156 0.01875 0.07339449541284404
0 0.8453125 0.46215596330275227 0.0234375 0.12844036697247707
0 0.1046875 0.43922018348623854 0.040625 0.11697247706422019
0 0.340625 0.4334862385321101 0.0203125 0.07568807339449542
0 0.45703125 0.42201834862385323 0.0125 0.03669724770642202
0 0.9671875 0.4334862385321101 0.0125 0.03669724770642202
0 0.4734375 0.40711009174311924 0.0046875 0.022935779816513763
0 0.584375 0.41743119266055045 0.003125 0.027522935779816515
0 0.38125 0.4059633027522936 0.009375 0.020642201834862386
0 0.28203125 0.4105504587155963 0.0109375 0.02522935779816514
