0 0.28671875 0.3875 0.121875 0.15208333333333332
0 0.38828125 0.41041666666666665 0.0875 0.17083333333333334
0 0.61953125 0.5760416666666667 0.1421875 0.48541666666666666
0 0.54140625 0.5208333333333334 0.0796875 0.31875
0 0.1234375 0.5729166666666666 0.1296875 0.49375
0 0.98359375 0.44166666666666665 0.0234375 0.10416666666666667
0 0.571875 0.390625 0.0328125 0.075
0 0.70625 0.415625 0.0109375 0.03125
0 0.9671875 0.440625 0.021875 0.08125
0 0.24921875 0.36041666666666666 0.0390625 0.09375
0 0.7109375 0.403125 0.0140625 0.0375
0 0.68515625 0.415625 0.0125 0.05416666666666667
0 0.9546875 0.4239583333333333 0.0140625 0.041666666666666664