0 0.478125 0.26985981308411217 0.2859375 0.5280373831775701
0 0.69140625 0.411214953271028 0.1796875 0.7990654205607477
0 0.771875 0.29789719626168226 0.0484375 0.24532710280373832
0 0.9546875 0.2757009345794392 0.090625 0.3808411214953271
0 0.33046875 0.28738317757009346 0.0796875 0.24766355140186916
0 0.084375 0.35397196261682246 0.046875 0.102803738317757
0 0.13359375 0.35864485981308414 0.05 0.08878504672897196
0 0.14609375 0.3212616822429907 0.03125 0.07710280373831775
0 0.25859375 0.308411214953271 0.0328125 0.14719626168224298
0 0.5296875 0.2967289719626168 0.040625 0.22429906542056074
0 0.2828125 0.308411214953271 0.0234375 0.10514018691588785
0 0.0421875 0.3399532710280374 0.04375 0.09579439252336448
0 0.3703125 0.30957943925233644 0.025 0.10747663551401869
