0 0.48243559718969553 0.43828125 0.01639344262295082 0.0078125
0 0.41100702576112413 0.79609375 0.11943793911007025 0.1109375
0 0.31030444964871196 0.76875 0.11475409836065574 0.1859375
0 0.6908665105386417 0.3421875 0.02107728337236534 0.0171875
0 0.30562060889929743 0.46953125 0.06088992974238876 0.05625
0 0.8079625292740047 0.5578125 0.04215456674473068 0.0765625
0 0.21779859484777517 0.48984375 0.03278688524590164 0.05
0 0.3957845433255269 0.728125 0.07494145199063232 0.109375
0 0.6159250585480094 0.39140625 0.0234192037470726 0.015625
0 0.6744730679156908 0.3953125 0.0234192037470726 0.015625
0 0.7845433255269321 0.39921875 0.0234192037470726 0.015625
0 0.42271662763466045 0.42734375 0.0234192037470726 0.028125
0 0.02224824355971897 0.59921875 0.04449648711943794 0.1