0 0.761 0.7162162162162162 0.018 0.03303303303303303
0 0.229 0.7867867867867868 0.016 0.05405405405405406
0 0.207 0.7882882882882883 0.01 0.04804804804804805
0 0.102 0.7897897897897898 0.014 0.06606606606606606
0 0.736 0.7207207207207207 0.018 0.02702702702702703
0 0.721 0.7162162162162162 0.018 0.024024024024024024
0 0.199 0.7807807807807807 0.008 0.03903903903903904
0 0.348 0.7807807807807807 0.01 0.036036036036036036
0 0.331 0.7762762762762763 0.006 0.03903903903903904
0 0.083 0.7867867867867868 0.012 0.06606606606606606
0 0.145 0.7867867867867868 0.012 0.05405405405405406
0 0.161 0.7897897897897898 0.012 0.05105105105105105
0 0.316 0.7852852852852853 0.016 0.024024024024024024
