0 0.109375 0.5293427230046949 0.08125 0.1056338028169014
0 0.43359375 0.6314553990610329 0.1171875 0.2535211267605634
0 0.6046875 0.6455399061032864 0.053125 0.2347417840375587
0 0.7609375 0.5481220657276995 0.071875 0.10328638497652583
0 0.95703125 0.6514084507042254 0.0859375 0.24647887323943662
0 0.4671875 0.5117370892018779 0.0453125 0.15258215962441316
0 0.4890625 0.49765258215962443 0.025 0.11267605633802817
0 0.4421875 0.4964788732394366 0.025 0.10328638497652583
0 0.66015625 0.5974178403755869 0.0796875 0.1431924882629108
0 0.6703125 0.4847417840375587 0.0421875 0.11502347417840375
0 0.50390625 0.5821596244131455 0.0578125 0.13380281690140844
0 0.8515625 0.5140845070422535 0.0546875 0.11267605633802817
0 0.81953125 0.5868544600938967 0.1046875 0.1643192488262911
