0 0.4083333333333333 0.84296875 0.25 0.3140625
0 0.74375 0.87109375 0.18333333333333332 0.2578125
0 0.11979166666666667 0.8125 0.03958333333333333 0.0625
0 0.059375 0.81796875 0.03125 0.0546875
0 0.2625 0.8109375 0.03125 0.0609375
0 0.14270833333333333 0.8109375 0.029166666666666667 0.0625
0 0.9354166666666667 0.80234375 0.01875 0.0625
0 0.834375 0.81640625 0.06041666666666667 0.1140625
0 0.5791666666666667 0.79765625 0.025 0.0484375
0 0.6072916666666667 0.7953125 0.027083333333333334 0.0453125
0 0.8635416666666667 0.79375 0.016666666666666666 0.015625
0 0.19583333333333333 0.8 0.029166666666666667 0.0625
0 0.21041666666666667 0.83359375 0.041666666666666664 0.103125