0 0.21015625 0.6527777777777778 0.0171875 0.025
0 0.221875 0.6527777777777778 0.0125 0.027777777777777776
0 0.2515625 0.6611111111111111 0.0140625 0.025
0 0.14140625 0.6527777777777778 0.0109375 0.022222222222222223
0 0.1578125 0.6527777777777778 0.0171875 0.022222222222222223
0 0.209375 0.6375 0.015625 0.03611111111111111
0 0.26328125 0.6666666666666666 0.0109375 0.022222222222222223
0 0.2828125 0.6569444444444444 0.0203125 0.03611111111111111
0 0.2875 0.6555555555555556 0.01875 0.044444444444444446
0 0.24765625 0.6611111111111111 0.0078125 0.022222222222222223
0 0.1921875 0.6527777777777778 0.01875 0.025
0 0.178125 0.6527777777777778 0.015625 0.025
0 0.23515625 0.6555555555555556 0.015625 0.027777777777777776