0 0.178125 0.5829439252336449 0.353125 0.8107476635514018
0 0.72890625 0.7149532710280374 0.334375 0.544392523364486
0 0.18359375 0.10747663551401869 0.096875 0.20794392523364486
0 0.2984375 0.2324766355140187 0.06875 0.34345794392523366
0 0.25703125 0.14485981308411214 0.05 0.22897196261682243
0 0.0008932125000000001 0.0011746121495327102 0.0006486328125 0.00232367523364486
0 0.653125 0.1588785046728972 0.0375 0.1588785046728972
0 0.67890625 0.17406542056074767 0.0421875 0.12149532710280374
0 0.92734375 0.14018691588785046 0.0328125 0.13551401869158877
0 0.91171875 0.14953271028037382 0.0171875 0.0911214953271028
0 0.0484375 0.1939252336448598 0.0671875 0.3037383177570093
0 0.89609375 0.13434579439252337 0.034375 0.12383177570093458
0 0.634375 0.10397196261682243 0.0203125 0.06542056074766354