0 0.40390625 0.7906698564593302 0.0796875 0.2631578947368421
0 0.40625 0.9509569377990431 0.0828125 0.07894736842105263
0 0.28984375 0.6985645933014354 0.071875 0.22009569377990432
0 0.37265625 0.5334928229665071 0.0375 0.18181818181818182
0 0.4109375 0.5191387559808612 0.0359375 0.20334928229665072
0 0.234375 0.75 0.0625 0.2727272727272727
0 0.4796875 0.937799043062201 0.0859375 0.12440191387559808
0 0.2984375 0.9043062200956937 0.0875 0.19138755980861244
0 0.33203125 0.6064593301435407 0.0609375 0.22966507177033493
0 0.34296875 0.8552631578947368 0.1 0.28708133971291866
0 0.0796875 0.6423444976076556 0.0640625 0.20095693779904306
0 0.34375 0.44258373205741625 0.0515625 0.11483253588516747
