0 0.5562060889929742 0.66875 0.3629976580796253 0.509375
0 0.9285714285714286 0.21015625 0.07494145199063232 0.1140625
0 0.19672131147540983 0.12109375 0.02810304449648712 0.01875
0 0.3442622950819672 0.11328125 0.03044496487119438 0.046875
0 0.39695550351288056 0.1046875 0.05620608899297424 0.0453125
0 0.38875878220140514 0.1390625 0.05620608899297424 0.0359375
0 0.7412177985948478 0.12734375 0.06088992974238876 0.0359375
0 0.8208430913348946 0.08359375 0.0351288056206089 0.0421875
0 0.5374707259953162 0.18828125 0.07962529274004684 0.096875
0 0.1288056206088993 0.8046875 0.2576112412177986 0.3890625
0 0.0021954824355971897 0.0013024046875000001 0.00029287822014051524 0.0005079828124999999
0 0.04332552693208431 0.20234375 0.08430913348946135 0.13125
0 0.9847775175644028 0.2109375 0.03044496487119438 0.1078125
