0 0.246875 0.38875878220140514 0.0546875 0.11475409836065574
0 0.15625 0.4297423887587822 0.065625 0.20374707259953162
0 0.32421875 0.4613583138173302 0.13125 0.2505854800936768
0 0.93671875 0.4414519906323185 0.1265625 0.17330210772833723
0 0.66171875 0.5772833723653396 0.134375 0.4496487119437939
0 0.5140625 0.373536299765808 0.0359375 0.09133489461358314
0 0.82578125 0.6334894613583139 0.1953125 0.5433255269320844
0 0.85 0.42505854800936765 0.0734375 0.1686182669789227
0 0.7328125 0.2716627634660422 0.0984375 0.14988290398126464
0 0.528125 0.5433255269320844 0.1265625 0.351288056206089
0 0.196875 0.4449648711943794 0.06875 0.14285714285714285
0 0.54921875 0.36416861826697894 0.04375 0.1053864168618267
0 0.76484375 0.405152224824356 0.078125 0.15690866510538642
