0 0.33671875 0.8679906542056075 0.08125 0.2336448598130841
0 0.5140625 0.905373831775701 0.05 0.17990654205607476
0 0.8859375 0.9147196261682243 0.1328125 0.15186915887850466
0 0.66328125 0.8376168224299065 0.0125 0.06775700934579439
0 0.621875 0.8633177570093458 0.025 0.10747663551401869
0 0.21328125 0.8574766355140186 0.03125 0.15186915887850466
0 0.00625 0.8820093457943925 0.0125 0.10514018691588785
0 0.796875 0.9007009345794392 0.0390625 0.1658878504672897
0 0.11171875 0.8656542056074766 0.04375 0.17523364485981308
0 0.2609375 0.9334112149532711 0.08125 0.1308411214953271
0 0.15546875 0.8352803738317757 0.0203125 0.08878504672897196
0 0.23828125 0.9322429906542056 0.05625 0.13551401869158877