0 0.68125 0.15625 0.1453125 0.29791666666666666
0 0.5234375 0.15833333333333333 0.134375 0.275
0 0.0014839484375 0.00047209166666666664 0.0001571046875 0.0009441833333333333
0 0.08203125 0.33229166666666665 0.15 0.6604166666666667
0 0.16640625 0.30625 0.0953125 0.5666666666666667
0 0.38046875 0.11666666666666667 0.0703125 0.14791666666666667
0 0.465625 0.10833333333333334 0.0765625 0.16666666666666666
0 0.6234375 0.11458333333333333 0.0765625 0.16875
0 0.67109375 0.06041666666666667 0.046875 0.11666666666666667
0 0.83359375 0.22291666666666668 0.2625 0.44375
0 0.4265625 0.12916666666666668 0.0484375 0.13125
0 0.26015625 0.10833333333333334 0.1265625 0.175
0 0.21640625 0.07291666666666667 0.025 0.058333333333333334
