0 0.0765625 0.3516355140186916 0.071875 0.1658878504672897
0 0.209375 0.3855140186915888 0.059375 0.24766355140186916
0 0.2640625 0.35630841121495327 0.0234375 0.17289719626168223
0 0.278125 0.3621495327102804 0.0421875 0.21495327102803738
0 0.54375 0.3469626168224299 0.0953125 0.2266355140186916
0 0.3640625 0.3060747663551402 0.05 0.11682242990654206
0 0.41484375 0.2908878504672897 0.0625 0.0911214953271028
0 0.6921875 0.39135514018691586 0.1046875 0.45794392523364486
0 0.58828125 0.37616822429906543 0.053125 0.26869158878504673
0 0.6296875 0.411214953271028 0.0359375 0.20093457943925233
0 0.853125 0.375 0.078125 0.3130841121495327
0 0.7890625 0.3644859813084112 0.065625 0.3247663551401869
0 0.3328125 0.3773364485981308 0.03125 0.21261682242990654