0 0.45859375 0.37916666666666665 0.090625 0.13333333333333333
0 0.6296875 0.3802083333333333 0.084375 0.18125
0 0.12109375 0.38958333333333334 0.0703125 0.2708333333333333
0 0.7265625 0.34375 0.059375 0.20833333333333334
0 0.07578125 0.3385416666666667 0.025 0.12083333333333333
0 0.17734375 0.33125 0.0328125 0.1
0 0.16875 0.296875 0.0234375 0.05
0 0.2125 0.325 0.0328125 0.09166666666666666
0 0.23515625 0.29583333333333334 0.0234375 0.04583333333333333
0 0.2625 0.3375 0.0390625 0.14583333333333334
0 0.3015625 0.465625 0.1078125 0.3541666666666667
0 0.76171875 0.271875 0.025 0.058333333333333334
0 0.63125 0.27395833333333336 0.0375 0.07083333333333333