0 0.34453125 0.6416666666666667 0.528125 0.6979166666666666
0 0.65234375 0.6177083333333333 0.0296875 0.14583333333333334
0 0.69140625 0.6020833333333333 0.028125 0.11666666666666667
0 0.6109375 0.63125 0.0515625 0.21875
0 0.7984375 0.634375 0.059375 0.15833333333333333
0 0.84140625 0.5375 0.0109375 0.01875
0 0.10390625 0.5427083333333333 0.0140625 0.041666666666666664
0 0.72734375 0.615625 0.0296875 0.11041666666666666
0 0.778125 0.5729166666666666 0.0234375 0.07916666666666666
0 0.95 0.6197916666666666 0.015625 0.052083333333333336
0 0.90390625 0.653125 0.0796875 0.27708333333333335
0 0.83203125 0.6041666666666666 0.0328125 0.15416666666666667
0 0.0296875 0.6666666666666666 0.04375 0.27291666666666664