0 0.51640625 0.7054507337526206 0.10625 0.24528301886792453
0 0.61796875 0.4224318658280922 0.0515625 0.18867924528301888
0 0.86015625 0.40041928721174 0.0421875 0.07127882599580712
0 0.82578125 0.3710691823899371 0.04375 0.07337526205450734
0 0.97421875 0.3259958071278826 0.0453125 0.07547169811320754
0 0.59765625 0.6226415094339622 0.05 0.16142557651991615
0 0.5921875 0.5660377358490566 0.06875 0.14046121593291405
0 0.5421875 0.559748427672956 0.05 0.14465408805031446
0 0.509375 0.6132075471698113 0.071875 0.15932914046121593
0 0.528125 0.33647798742138363 0.028125 0.050314465408805034
0 0.5578125 0.3280922431865828 0.0171875 0.041928721174004195
0 0.54453125 0.3280922431865828 0.01875 0.04612159329140461
0 0.5484375 0.31551362683438156 0.0078125 0.020964360587002098