0 0.37734375 0.5432242990654206 0.284375 0.5257009345794392
0 0.5859375 0.29205607476635514 0.078125 0.37616822429906543
0 0.490625 0.3411214953271028 0.1 0.13317757009345793
0 0.2875 0.2733644859813084 0.0953125 0.2827102803738318
0 0.15390625 0.2757009345794392 0.0890625 0.2850467289719626
0 0.93671875 0.25934579439252337 0.0984375 0.4252336448598131
0 0.1 0.6401869158878505 0.196875 0.3411214953271028
0 0.8296875 0.30957943925233644 0.0859375 0.3107476635514019
0 0.65546875 0.28738317757009346 0.090625 0.37850467289719625
0 0.73125 0.25350467289719625 0.0765625 0.2616822429906542
0 0.03515625 0.19509345794392524 0.0703125 0.2523364485981308
0 0.78046875 0.15654205607476634 0.065625 0.21261682242990654
0 0.41953125 0.20794392523364486 0.1296875 0.1378504672897196