0 0.12421875 0.8290094339622641 0.040625 0.14386792452830188
0 0.46875 0.910377358490566 0.5765625 0.1792452830188679
0 0.878125 0.8974056603773585 0.05 0.20518867924528303
0 0.8265625 0.8879716981132075 0.0484375 0.14858490566037735
0 0.08671875 0.8514150943396226 0.0421875 0.11320754716981132
0 0.14375 0.8325471698113207 0.0234375 0.125
0 0.378125 0.8172169811320755 0.0359375 0.10377358490566038
0 0.38671875 0.9351415094339622 0.0515625 0.12971698113207547
0 0.48828125 0.9375 0.0484375 0.12028301886792453
0 0.51953125 0.8844339622641509 0.0296875 0.125
0 0.58125 0.8054245283018868 0.040625 0.05660377358490566
0 0.83125 0.9634433962264151 0.08125 0.07311320754716981
0 0.7484375 0.8372641509433962 0.03125 0.1179245283018868