0 0.58359375 0.6010416666666667 0.246875 0.6333333333333333
0 0.001430103125 0.00159016875 0.0002647953125 0.0008482208333333333
0 0.24296875 0.23020833333333332 0.096875 0.36666666666666664
0 0.89609375 0.18958333333333333 0.1 0.13333333333333333
0 0.87421875 0.434375 0.1328125 0.09166666666666666
0 0.965625 0.18854166666666666 0.0671875 0.16666666666666666
0 0.64453125 0.15416666666666667 0.096875 0.17083333333333334
0 0.34921875 0.24166666666666667 0.11875 0.34375
0 0.0640625 0.22916666666666666 0.1140625 0.2916666666666667
0 0.8359375 0.1625 0.0546875 0.0875
0 0.02890625 0.09270833333333334 0.046875 0.10625
0 0.17890625 0.259375 0.1 0.35