0 0.3840749414519906 0.453125 0.6861826697892272 0.4796875
0 0.18384074941451992 0.63046875 0.12646370023419204 0.25
0 0.38173302107728335 0.6 0.09133489461358314 0.146875
0 0.6194379391100703 0.625 0.04449648711943794 0.08125
0 0.3009367681498829 0.6484375 0.06557377049180328 0.1265625
0 0.09836065573770492 0.64609375 0.053864168618266976 0.146875
0 0.01990632318501171 0.65 0.03981264637002342 0.2359375
0 0.5913348946135831 0.62578125 0.02810304449648712 0.06875
0 0.04800936768149883 0.63046875 0.09133489461358314 0.153125
0 0.14168618266978922 0.6546875 0.03747072599531616 0.1125
0 0.21779859484777517 0.17734375 0.03278688524590164 0.0171875
