0 0.7598039215686274 0.4852941176470588 0.04084967320261438 0.08006535947712418
0 0.9583333333333334 0.31699346405228757 0.03104575163398693 0.08496732026143791
0 0.3137254901960784 0.43790849673202614 0.042483660130718956 0.1111111111111111
0 0.09722222222222222 0.6266339869281046 0.06209150326797386 0.11437908496732026
0 0.3235294117647059 0.25980392156862747 0.027777777777777776 0.08169934640522876
0 0.38562091503267976 0.07924836601307189 0.0196078431372549 0.05065359477124183
0 0.6013071895424836 0.12663398692810457 0.02287581699346405 0.05555555555555555
0 0.6674836601307189 0.09395424836601307 0.026143790849673203 0.058823529411764705
0 0.12745098039215685 0.2916666666666667 0.05392156862745098 0.10620915032679738
0 0.8611111111111112 0.7998366013071896 0.07352941176470588 0.12745098039215685
0 0.255718954248366 0.1511437908496732 0.032679738562091505 0.09803921568627451
