0 0.7078125 0.6527777777777778 0.234375 0.6431623931623932
0 0.46640625 0.6303418803418803 0.13125 0.358974358974359
0 0.3125 0.6004273504273504 0.6046875 0.7777777777777778
0 0.88125 0.5256410256410257 0.0234375 0.07051282051282051
0 0.80703125 0.5395299145299145 0.025 0.0876068376068376
0 0.9203125 0.5662393162393162 0.01875 0.05555555555555555
0 0.5234375 0.5395299145299145 0.01875 0.07051282051282051
0 0.5765625 0.5299145299145299 0.025 0.053418803418803416
0 0.8953125 0.6944444444444444 0.059375 0.10897435897435898
0 0.1140625 0.5502136752136753 0.0140625 0.04487179487179487
0 0.85859375 0.5202991452991453 0.0234375 0.07692307692307693
0 0.9046875 0.5224358974358975 0.0171875 0.06837606837606838
