0 0.4484375 0.47384937238493724 0.03125 0.07740585774058577
0 0.73515625 0.8190376569037657 0.1046875 0.3158995815899582
0 0.89453125 0.4456066945606695 0.0484375 0.12133891213389121
0 0.0008414796875 0.0017610648535564854 0.000293359375 0.0006619728033472803
0 0.84609375 0.44037656903765693 0.0359375 0.11715481171548117
0 0.7953125 0.4372384937238494 0.021875 0.08786610878661087
0 0.828125 0.4361924686192469 0.0234375 0.11506276150627615
0 0.415625 0.4592050209205021 0.0265625 0.06485355648535565
0 0.31875 0.4707112970711297 0.028125 0.0502092050209205
0 0.525 0.45502092050209203 0.0296875 0.07112970711297072
0 0.37890625 0.4581589958158996 0.021875 0.06485355648535565
0 0.3609375 0.4602510460251046 0.0234375 0.07322175732217573