0 0.6156156156156156 0.607 0.7687687687687688 0.682
0 0.22972972972972974 0.513 0.4594594594594595 0.942
0 0.5570570570570571 0.167 0.08708708708708708 0.11
0 0.8198198198198198 0.03 0.13813813813813813 0.052
0 0.6426426426426426 0.161 0.11711711711711711 0.12
0 0.11861861861861862 0.076 0.11411411411411411 0.1
0 0.42042042042042044 0.137 0.08108108108108109 0.152
0 0.40540540540540543 0.073 0.1111111111111111 0.12
0 0.18768768768768768 0.071 0.06606606606606606 0.102
0 0.481981981981982 0.089 0.09009009009009009 0.14
0 0.9774774774774775 0.128 0.042042042042042045 0.072
