0 0.47300469483568075 0.50390625 0.6713615023474179 0.590625
0 0.15845070422535212 0.47578125 0.31690140845070425 0.5578125
0 0.9330985915492958 0.26875 0.13380281690140844 0.1578125
0 0.9225352112676056 0.16015625 0.10093896713615023 0.075
0 0.6772300469483568 0.17265625 0.1056338028169014 0.08125
0 0.7664319248826291 0.13359375 0.07276995305164319 0.0515625
0 0.8556338028169014 0.1328125 0.04460093896713615 0.0359375
0 0.636150234741784 0.08125 0.09154929577464789 0.15
0 0.812206572769953 0.19375 0.07746478873239436 0.0453125
0 0.505868544600939 0.12578125 0.14084507042253522 0.0875
0 0.5762910798122066 0.11875 0.051643192488262914 0.0625
0 0.8603286384976526 0.175 0.08215962441314555 0.0734375
0 0.3755868544600939 0.06796875 0.07276995305164319 0.0734375
