0 0.04609375 0.63125 0.065625 0.17708333333333334
0 0.165625 0.6114583333333333 0.0515625 0.16875
0 0.21953125 0.621875 0.053125 0.13958333333333334
0 0.7296875 0.5677083333333334 0.0265625 0.1
0 0.36171875 0.5989583333333334 0.0421875 0.13958333333333334
0 0.39765625 0.6010416666666667 0.0390625 0.13125
0 0.440625 0.5864583333333333 0.040625 0.14166666666666666
0 0.503125 0.5802083333333333 0.0484375 0.12916666666666668
0 0.53828125 0.578125 0.0359375 0.125
0 0.31953125 0.6052083333333333 0.046875 0.14791666666666667
0 0.5765625 0.5770833333333333 0.0421875 0.11458333333333333
0 0.2734375 0.603125 0.05625 0.15625
0 0.67265625 0.5625 0.0359375 0.11666666666666667
