0 0.40427927927927926 0.70078125 0.2702702702702703 0.565625
0 0.10022522522522523 0.48984375 0.08783783783783784 0.1484375
0 0.17905405405405406 0.50234375 0.08783783783783784 0.221875
0 0.8243243243243243 0.646875 0.13963963963963963 0.4765625
0 0.2668918918918919 0.4578125 0.0472972972972973 0.1140625
0 0.30180180180180183 0.41171875 0.060810810810810814 0.0484375
0 0.5382882882882883 0.5046875 0.11936936936936937 0.275
0 0.9335585585585585 0.42109375 0.06756756756756757 0.0859375
0 0.40765765765765766 0.4578125 0.07432432432432433 0.0515625
0 0.8930180180180181 0.6015625 0.14864864864864866 0.36875
0 0.6970720720720721 0.63671875 0.19144144144144143 0.58125
0 0.05630630630630631 0.575 0.11261261261261261 0.15625
0 0.10022522522522523 0.69453125 0.16891891891891891 0.51875