0 0.29967689822294025 0.89921875 0.05331179321486268 0.15
0 0.22051696284329564 0.86953125 0.03231017770597738 0.1171875
0 0.37318255250403876 0.9046875 0.0630048465266559 0.15625
0 0.567043618739903 0.859375 0.027463651050080775 0.0625
0 0.5848142164781907 0.85625 0.017770597738287562 0.05625
0 0.6042003231017771 0.86640625 0.01938610662358643 0.034375
0 0.8982229402261712 0.88828125 0.035541195476575124 0.084375
0 0.9216478190630049 0.89609375 0.045234248788368334 0.0796875
0 0.8570274636510501 0.85546875 0.030694668820678513 0.040625
0 0.9725363489499192 0.86796875 0.05492730210016155 0.0453125
0 0.970113085621971 0.865625 0.024232633279483037 0.025
0 0.7883683360258481 0.8390625 0.011308562197092083 0.0234375
0 0.6203554119547657 0.85859375 0.0210016155088853 0.0578125