0 0.29375 0.5046641791044776 0.09375 0.28544776119402987
0 0.95078125 0.15391791044776118 0.0078125 0.011194029850746268
0 0.94140625 0.15205223880597016 0.00625 0.011194029850746268
0 0.896875 0.15298507462686567 0.0046875 0.009328358208955223
0 0.13125 0.15485074626865672 0.0078125 0.014925373134328358
0 0.91484375 0.15391791044776118 0.0078125 0.009328358208955223
0 0.96171875 0.15205223880597016 0.009375 0.013059701492537313
0 0.07890625 0.15485074626865672 0.0078125 0.009328358208955223
0 0.92109375 0.15298507462686567 0.0046875 0.009328358208955223
0 0.12421875 0.15671641791044777 0.0109375 0.013059701492537313
0 0.0828125 0.15485074626865672 0.00625 0.011194029850746268