0 0.325 0.432 0.038 0.13866666666666666
0 0.698 0.448 0.03 0.08533333333333333
0 0.451 0.4106666666666667 0.038 0.10133333333333333
0 0.475 0.41333333333333333 0.024 0.096
0 0.825 0.3973333333333333 0.048 0.18933333333333333
0 0.522 0.4106666666666667 0.03 0.08266666666666667
0 0.745 0.4226666666666667 0.044 0.09866666666666667
0 0.777 0.448 0.018 0.07733333333333334
0 0.87 0.3933333333333333 0.04 0.184
0 0.505 0.4106666666666667 0.024 0.088
0 0.403 0.4186666666666667 0.042 0.10933333333333334
0 0.932 0.396 0.032 0.08
0 0.434 0.41333333333333333 0.024 0.104