0 0.00099455625 0.0010837895833333334 0.0011358890625 0.0019709645833333334
0 0.103125 0.7947916666666667 0.20625 0.41041666666666665
0 0.3 0.5927083333333333 0.046875 0.11875
0 0.09609375 0.55625 0.0140625 0.025
0 0.234375 0.740625 0.1890625 0.49583333333333335
0 0.4421875 0.4354166666666667 0.0265625 0.05
0 0.31796875 0.45 0.009375 0.027083333333333334
0 0.11796875 0.6333333333333333 0.0296875 0.08333333333333333
0 0.15234375 0.5791666666666667 0.0265625 0.04791666666666667
0 0.134375 0.6614583333333334 0.05625 0.11041666666666666
0 0.09921875 0.6020833333333333 0.0234375 0.04375
0 0.1203125 0.5770833333333333 0.0234375 0.041666666666666664
0 0.10546875 0.5583333333333333 0.009375 0.022916666666666665