0 0.416 0.45089285714285715 0.052 0.08035714285714286
0 0.546 0.45089285714285715 0.052 0.08333333333333333
0 0.629 0.4538690476190476 0.086 0.08333333333333333
0 0.745 0.45535714285714285 0.04 0.07738095238095238
0 0.473 0.4494047619047619 0.07 0.08333333333333333
0 0.583 0.47023809523809523 0.02 0.044642857142857144
0 0.791 0.4583333333333333 0.04 0.05952380952380952
0 0.358 0.44642857142857145 0.04 0.09226190476190477
0 0.698 0.47172619047619047 0.04 0.047619047619047616
0 0.839 0.4568452380952381 0.07 0.10119047619047619
0 0.512 0.44494047619047616 0.024 0.09821428571428571
0 0.285 0.5357142857142857 0.016 0.044642857142857144
0 0.889 0.46130952380952384 0.054 0.06547619047619048