0 0.8760416666666667 0.965625 0.07083333333333333 0.0671875
0 0.00193450625 0.001476978125 0.00020859375 0.00017104531249999998
0 0.7166666666666667 0.9515625 0.04791666666666667 0.096875
0 0.44895833333333335 0.946875 0.05416666666666667 0.1046875
0 0.6604166666666667 0.94921875 0.08125 0.1015625
0 0.38229166666666664 0.92265625 0.06041666666666667 0.053125
0 0.2875 0.91796875 0.041666666666666664 0.0453125
0 0.24270833333333333 0.91953125 0.020833333333333332 0.0375
0 0.17916666666666667 0.94375 0.03125 0.0765625
0 0.8333333333333334 0.925 0.03333333333333333 0.059375
0 0.6833333333333333 0.90859375 0.0125 0.034375
0 0.3125 0.9203125 0.027083333333333334 0.0421875
0 0.8072916666666666 0.92265625 0.03125 0.0640625