0 0.76953125 0.6396713615023474 0.0578125 0.2746478873239437
0 0.8390625 0.6854460093896714 0.06875 0.34507042253521125
0 0.8234375 0.5363849765258216 0.0265625 0.06338028169014084
0 0.71015625 0.7007042253521126 0.078125 0.38028169014084506
0 0.73046875 0.5481220657276995 0.0171875 0.023474178403755867
0 0.73671875 0.5305164319248826 0.0109375 0.023474178403755867
0 0.7796875 0.5387323943661971 0.0125 0.04460093896713615
0 0.80859375 0.6056338028169014 0.0203125 0.19483568075117372
0 0.79140625 0.545774647887324 0.0140625 0.04460093896713615
0 0.7984375 0.5610328638497653 0.01875 0.09389671361502347
