0 0.49063231850117095 0.7171875 0.19437939110070257 0.3359375
0 0.5702576112412178 0.22109375 0.08899297423887588 0.1140625
0 0.3957845433255269 0.11796875 0.05152224824355972 0.028125
0 0.49765807962529274 0.078125 0.05152224824355972 0.0546875
0 0.5456674473067916 0.07109375 0.053864168618266976 0.0296875
0 0.7997658079625293 0.090625 0.04449648711943794 0.03125
0 0.7775175644028103 0.071875 0.04215456674473068 0.0328125
0 0.25526932084309134 0.09375 0.053864168618266976 0.0359375
0 0.117096018735363 0.196875 0.08665105386416862 0.090625
0 0.43208430913348944 0.01953125 0.04449648711943794 0.0328125
0 0.6147540983606558 0.1171875 0.0468384074941452 0.0296875
0 0.9859484777517564 0.11796875 0.02810304449648712 0.0265625
0 0.8454332552693209 0.08984375 0.0468384074941452 0.0328125
