0 0.36328125 0.7441588785046729 0.2359375 0.4719626168224299
0 0.17265625 0.6530373831775701 0.134375 0.37383177570093457
0 0.6828125 0.5665887850467289 0.0625 0.20093457943925233
0 0.9265625 0.5829439252336449 0.0890625 0.20794392523364486
0 0.034375 0.5327102803738317 0.040625 0.04906542056074766
0 0.03203125 0.4941588785046729 0.0234375 0.0397196261682243
0 0.63671875 0.6950934579439252 0.1921875 0.34579439252336447
0 0.8265625 0.5992990654205608 0.1359375 0.27102803738317754
0 0.25390625 0.5981308411214953 0.08125 0.2102803738317757
0 0.8609375 0.49065420560747663 0.0296875 0.07242990654205607
0 0.7609375 0.5011682242990654 0.053125 0.07009345794392523
0 0.94296875 0.4871495327102804 0.0265625 0.053738317757009345
0 0.51640625 0.594626168224299 0.0515625 0.2570093457943925