0 0.2953125 0.596875 0.225 0.6125
0 0.646875 0.6145833333333334 0.2171875 0.5625
0 0.48359375 0.6145833333333334 0.1765625 0.5916666666666667
0 0.775 0.23958333333333334 0.021875 0.07916666666666666
0 0.75234375 0.24166666666666667 0.021875 0.08125
0 0.39765625 0.24375 0.015625 0.07291666666666667
0 0.371875 0.25729166666666664 0.0140625 0.04583333333333333
0 0.29296875 0.29791666666666666 0.059375 0.15
0 0.2265625 0.578125 0.1578125 0.5145833333333333
0 0.8015625 0.3104166666666667 0.075 0.22083333333333333
0 0.3546875 0.23333333333333334 0.0140625 0.03958333333333333