0 0.484375 0.6029411764705882 0.06875 0.30392156862745096
0 0.7046875 0.6262254901960784 0.0703125 0.27205882352941174
0 0.13125 0.28799019607843135 0.053125 0.16911764705882354
0 0.59453125 0.27818627450980393 0.0453125 0.0784313725490196
0 0.62890625 0.2928921568627451 0.03125 0.06372549019607843
0 0.71953125 0.29901960784313725 0.0484375 0.08088235294117647
0 0.76328125 0.3075980392156863 0.0390625 0.07352941176470588
0 0.49609375 0.2659313725490196 0.059375 0.10049019607843138
0 0.375 0.24632352941176472 0.0671875 0.07598039215686274
0 0.23125 0.23284313725490197 0.0546875 0.09068627450980392
0 0.09921875 0.2512254901960784 0.0578125 0.1715686274509804
0 0.55859375 0.6458333333333334 0.134375 0.28431372549019607
0 0.05546875 0.19607843137254902 0.0515625 0.08333333333333333
