0 0.90625 0.5918032786885246 0.0578125 0.36721311475409835
0 0.47578125 0.6459016393442623 0.0265625 0.3704918032786885
0 0.953125 0.6131147540983607 0.0328125 0.4557377049180328
0 0.22734375 0.4786885245901639 0.040625 0.06229508196721312
0 0.19296875 0.48688524590163934 0.028125 0.06229508196721312
0 0.16796875 0.4704918032786885 0.01875 0.05901639344262295
0 0.0953125 0.5622950819672131 0.0234375 0.24262295081967214
0 0.57109375 0.46229508196721314 0.0171875 0.01639344262295082
0 0.15234375 0.46885245901639344 0.021875 0.03278688524590164
0 0.43203125 0.5819672131147541 0.053125 0.3442622950819672
0 0.61015625 0.4721311475409836 0.01875 0.029508196721311476