0 0.109375 0.9637002341920374 0.015625 0.04449648711943794
0 0.13359375 0.9695550351288056 0.021875 0.03747072599531616
0 0.28671875 0.9519906323185011 0.0140625 0.06791569086651054
0 0.27109375 0.9590163934426229 0.0078125 0.0468384074941452
0 0.4296875 0.9613583138173302 0.015625 0.05152224824355972
0 0.4015625 0.9379391100702577 0.0125 0.053864168618266976
0 0.678125 0.9742388758782201 0.0265625 0.05152224824355972
0 0.58359375 0.9789227166276346 0.0328125 0.04215456674473068
0 0.940625 0.9765807962529274 0.0265625 0.04449648711943794
0 0.35625 0.9660421545667447 0.0234375 0.06791569086651054
0 0.19140625 0.9426229508196722 0.009375 0.03278688524590164
0 0.30078125 0.9414519906323185 0.0125 0.0468384074941452
0 0.090625 0.9742388758782201 0.0140625 0.0468384074941452