0 0.5984375 0.5292740046838408 0.471875 0.9180327868852459
0 0.25703125 0.6370023419203747 0.2109375 0.711943793911007
0 0.43984375 0.5796252927400468 0.078125 0.3372365339578454
0 0.88984375 0.6955503512880562 0.178125 0.5737704918032787
0 0.0953125 0.5480093676814989 0.065625 0.20843091334894615
0 0.03671875 0.5035128805620609 0.0515625 0.10304449648711944
0 0.3703125 0.5843091334894613 0.09375 0.3957845433255269
0 0.1359375 0.4918032786885246 0.0234375 0.04215456674473068
0 0.14375 0.5327868852459017 0.059375 0.1358313817330211
0 0.1125 0.49063231850117095 0.028125 0.0702576112412178
0 0.98515625 0.5960187353629977 0.0296875 0.13348946135831383
0 0.1296875 0.5140515222482436 0.0203125 0.03981264637002342
