0 0.759 0.4973821989528796 0.09 0.7120418848167539
0 0.202 0.35340314136125656 0.032 0.15706806282722513
0 0.59 0.6151832460732984 0.092 0.2879581151832461
0 0.282 0.3612565445026178 0.02 0.17801047120418848
0 0.263 0.3507853403141361 0.024 0.14659685863874344
0 0.367 0.35340314136125656 0.068 0.32460732984293195
0 0.401 0.36387434554973824 0.044 0.2879581151832461
0 0.444 0.35602094240837695 0.032 0.225130890052356
0 0.828 0.6047120418848168 0.072 0.3193717277486911
0 0.863 0.6675392670157068 0.054 0.29842931937172773
0 0.933 0.6963350785340314 0.132 0.43455497382198954
0 0.9 0.6727748691099477 0.052 0.2356020942408377
0 0.862 0.4031413612565445 0.032 0.18848167539267016