0 0.3546875 0.6309523809523809 0.221875 0.5873015873015873
0 0.39140625 0.37433862433862436 0.06875 0.1984126984126984
0 0.96484375 0.2552910052910053 0.0703125 0.12169312169312169
0 0.61953125 0.4497354497354497 0.0859375 0.41534391534391535
0 0.69296875 0.49867724867724866 0.0828125 0.41005291005291006
0 0.78203125 0.48677248677248675 0.0984375 0.47354497354497355
0 0.91328125 0.5026455026455027 0.0765625 0.40476190476190477
0 0.59609375 0.4880952380952381 0.0609375 0.2804232804232804
0 0.753125 0.38756613756613756 0.0609375 0.21428571428571427
0 0.44921875 0.30423280423280424 0.0265625 0.04497354497354497
0 0.54453125 0.44312169312169314 0.071875 0.3439153439153439
0 0.9734375 0.44841269841269843 0.053125 0.3835978835978836
0 0.47734375 0.44576719576719576 0.059375 0.2275132275132275