0 0.62109375 0.34543325526932084 0.0515625 0.2388758782201405
0 0.67734375 0.34543325526932084 0.0578125 0.2459016393442623
0 0.690625 0.26229508196721313 0.0296875 0.10070257611241218
0 0.25390625 0.5327868852459017 0.178125 0.6112412177985949
0 0.45546875 0.2962529274004684 0.04375 0.13817330210772832
0 0.4875 0.2810304449648712 0.0328125 0.0936768149882904
0 0.3296875 0.275175644028103 0.040625 0.08196721311475409
0 0.12265625 0.40866510538641687 0.06875 0.2646370023419204
0 0.171875 0.3325526932084309 0.0390625 0.17798594847775176
0 0.30078125 0.27985948477751754 0.03125 0.07259953161592506
0 0.02890625 0.351288056206089 0.05625 0.20843091334894615
0 0.76015625 0.2423887587822014 0.015625 0.05152224824355972
0 0.1375 0.2997658079625293 0.0375 0.08430913348946135