0 0.6984375 0.8322916666666667 0.565625 0.3145833333333333
0 0.05078125 0.7135416666666666 0.08125 0.17708333333333334
0 0.42734375 0.740625 0.084375 0.2
0 0.1078125 0.8385416666666666 0.1078125 0.24166666666666667
0 0.29765625 0.6958333333333333 0.025 0.052083333333333336
0 0.33828125 0.696875 0.040625 0.12083333333333333
0 0.4796875 0.80625 0.0609375 0.06041666666666667
0 0.29609375 0.7416666666666667 0.028125 0.052083333333333336
0 0.2515625 0.7239583333333334 0.0359375 0.09583333333333334
0 0.43125 0.9145833333333333 0.1421875 0.17083333333333334
0 0.1828125 0.6583333333333333 0.021875 0.041666666666666664
0 0.9109375 0.8364583333333333 0.146875 0.23333333333333334
0 0.953125 0.7479166666666667 0.06875 0.10833333333333334