0 0.55234375 0.7427083333333333 0.190625 0.49166666666666664
0 0.68515625 0.7291666666666666 0.1671875 0.5416666666666666
0 0.796875 0.6927083333333334 0.103125 0.5041666666666667
0 0.23046875 0.7614583333333333 0.1640625 0.4395833333333333
0 0.1171875 0.6447916666666667 0.0828125 0.23333333333333334
0 0.625 0.53125 0.03125 0.075
0 0.6390625 0.528125 0.0171875 0.07083333333333333
0 0.3640625 0.7572916666666667 0.1296875 0.4791666666666667
0 0.06328125 0.734375 0.028125 0.058333333333333334
0 0.03203125 0.7166666666666667 0.040625 0.10833333333333334
