0 0.4671875 0.6317647058823529 0.1171875 0.3247058823529412
0 0.39609375 0.5658823529411765 0.0640625 0.29411764705882354
0 0.225 0.5847058823529412 0.040625 0.09647058823529411
0 0.19140625 0.5647058823529412 0.0171875 0.03529411764705882
0 0.13359375 0.5752941176470588 0.015625 0.03764705882352941
0 0.1171875 0.5752941176470588 0.01875 0.058823529411764705
0 0.840625 0.5070588235294118 0.0203125 0.07529411764705882
0 0.8828125 0.48705882352941177 0.015625 0.03529411764705882
0 0.709375 0.4929411764705882 0.0125 0.03294117647058824
0 0.696875 0.5141176470588236 0.028125 0.04
0 0.75234375 0.5152941176470588 0.0171875 0.05411764705882353
0 0.8203125 0.5070588235294118 0.015625 0.07058823529411765
0 0.71484375 0.5164705882352941 0.01875 0.058823529411764705