0 0.1765625 0.7229166666666667 0.0984375 0.36041666666666666
0 0.69375 0.5947916666666667 0.0328125 0.0625
0 0.0015359015625 0.0014532333333333333 0.0000531984375 0.00041497291666666667
0 0.88671875 0.6458333333333334 0.0265625 0.12083333333333333
0 0.85859375 0.665625 0.053125 0.15833333333333333
0 0.83125 0.6552083333333333 0.0359375 0.17291666666666666
0 0.7984375 0.6666666666666666 0.05 0.18125
0 0.921875 0.590625 0.0078125 0.014583333333333334
0 0.065625 0.7145833333333333 0.1109375 0.425
0 0.765625 0.65 0.025 0.07083333333333333
0 0.92109375 0.6583333333333333 0.0375 0.13333333333333333
0 0.925 0.621875 0.046875 0.06458333333333334
0 0.78671875 0.6583333333333333 0.009375 0.04375
