0 0.46015625 0.33716075156576203 0.0875 0.1524008350730689
0 0.2375 0.5563674321503131 0.278125 0.5031315240083507
0 0.6078125 0.3569937369519833 0.08125 0.11899791231732777
0 0.2546875 0.26931106471816285 0.0453125 0.08977035490605428
0 0.7765625 0.35803757828810023 0.0484375 0.11064718162839249
0 0.9078125 0.2974947807933194 0.040625 0.08350730688935282
0 0.6921875 0.22129436325678498 0.0359375 0.06471816283924843
0 0.434375 0.2265135699373695 0.0453125 0.1127348643006263
0 0.83828125 0.3757828810020877 0.0859375 0.08977035490605428
0 0.35390625 0.33716075156576203 0.0453125 0.07515657620041753
0 0.515625 0.3444676409185804 0.0671875 0.13987473903966596
0 0.57265625 0.33298538622129437 0.0671875 0.162839248434238
0 0.61328125 0.24217118997912318 0.0296875 0.05636743215031315
