0 0.75234375 0.6115107913669064 0.18125 0.3597122302158273
0 0.5359375 0.4892086330935252 0.071875 0.22541966426858512
0 0.84609375 0.4904076738609113 0.0390625 0.1510791366906475
0 0.825 0.29376498800959233 0.025 0.07434052757793765
0 0.6671875 0.19424460431654678 0.034375 0.07434052757793765
0 0.1484375 0.579136690647482 0.04375 0.0671462829736211
0 0.64453125 0.2290167865707434 0.021875 0.05515587529976019
0 0.703125 0.2829736211031175 0.0265625 0.06954436450839328
0 0.23828125 0.6498800959232613 0.1828125 0.354916067146283
0 0.44296875 0.3609112709832134 0.0328125 0.07673860911270983
0 0.4171875 0.38609112709832133 0.028125 0.05995203836930456
0 0.39375 0.41127098321342925 0.0265625 0.05275779376498801
0 0.378125 0.3345323741007194 0.025 0.06474820143884892
