0 0.578125 0.48333333333333334 0.0609375 0.16666666666666666
0 0.15546875 0.3625 0.034375 0.16875
0 0.3765625 0.19375 0.028125 0.05
0 0.40234375 0.19583333333333333 0.0265625 0.04375
0 0.4203125 0.17291666666666666 0.0390625 0.05625
0 0.665625 0.17916666666666667 0.0265625 0.06666666666666667
0 0.3046875 0.19583333333333333 0.0234375 0.041666666666666664
0 0.8609375 0.19479166666666667 0.0421875 0.1125
0 0.76796875 0.178125 0.0609375 0.07083333333333333
0 0.74609375 0.16666666666666666 0.0375 0.09791666666666667
0 0.7484375 0.10833333333333334 0.025 0.05
0 0.8171875 0.19895833333333332 0.0296875 0.10625
0 0.29609375 0.9697916666666667 0.053125 0.06041666666666667
