0 0.124 0.6666666666666666 0.05 0.23466666666666666
0 0.927 0.7 0.114 0.224
0 0.933 0.6013333333333334 0.052 0.096
0 0.681 0.6013333333333334 0.026 0.07466666666666667
0 0.617 0.6333333333333333 0.034 0.04533333333333334
0 0.186 0.66 0.038 0.14666666666666667
0 0.981 0.6053333333333333 0.038 0.11733333333333333
0 0.431 0.6773333333333333 0.034 0.11733333333333333
0 0.492 0.6413333333333333 0.026 0.048
0 0.694 0.672 0.032 0.10133333333333333
0 0.641 0.672 0.05 0.12
0 0.723 0.676 0.04 0.12266666666666666
0 0.63 0.6173333333333333 0.014 0.034666666666666665