0 0.5921875 0.5270833333333333 0.021875 0.029166666666666667
0 0.97734375 0.5020833333333333 0.0265625 0.025
0 0.96640625 0.46875 0.009375 0.03958333333333333
0 0.95390625 0.5052083333333334 0.0234375 0.022916666666666665
0 0.8265625 0.4895833333333333 0.0078125 0.025
0 0.84296875 0.471875 0.00625 0.0125
0 0.66640625 0.49270833333333336 0.0125 0.020833333333333332
0 0.73046875 0.528125 0.009375 0.016666666666666666
0 0.9453125 0.47291666666666665 0.0078125 0.025
0 0.9328125 0.4739583333333333 0.0046875 0.022916666666666665
0 0.9578125 0.46145833333333336 0.00625 0.01875
0 0.8921875 0.48541666666666666 0.00625 0.020833333333333332