0 0.7328125 0.7458333333333333 0.1890625 0.4583333333333333
0 0.8546875 0.47604166666666664 0.1140625 0.17083333333333334
0 0.321875 0.5864583333333333 0.1984375 0.3145833333333333
0 0.240625 0.496875 0.1015625 0.18333333333333332
0 0.14296875 0.44166666666666665 0.090625 0.21041666666666667
0 0.25390625 0.353125 0.0640625 0.10625
0 0.909375 0.6302083333333334 0.1625 0.2604166666666667
0 0.48203125 0.671875 0.128125 0.3333333333333333
0 0.65703125 0.5989583333333334 0.1421875 0.32708333333333334
0 0.934375 0.434375 0.096875 0.15208333333333332
0 0.896875 0.8479166666666667 0.2046875 0.3
0 0.315625 0.41770833333333335 0.0875 0.15
0 0.16640625 0.36770833333333336 0.0453125 0.0875
