0 0.48828125 0.44 0.2078125 0.5129411764705882
0 0.61875 0.5964705882352941 0.1609375 0.2823529411764706
0 0.36796875 0.5517647058823529 0.23125 0.2964705882352941
0 0.65703125 0.7905882352941176 0.259375 0.4188235294117647
0 0.06796875 0.47294117647058825 0.134375 0.8070588235294117
0 0.2796875 0.8129411764705883 0.3859375 0.37411764705882355
0 0.8015625 0.4976470588235294 0.25 0.9952941176470588
0 0.428125 0.21411764705882352 0.0671875 0.1952941176470588
0 0.625 0.3411764705882353 0.053125 0.11764705882352941
0 0.64375 0.3952941176470588 0.1015625 0.1388235294117647
0 0.1828125 0.5117647058823529 0.0796875 0.3788235294117647
0 0.9328125 0.3376470588235294 0.053125 0.0988235294117647
0 0.3859375 0.3635294117647059 0.0484375 0.10352941176470588