0 0.9296875 0.6164658634538153 0.103125 0.285140562248996
0 0.675 0.3433734939759036 0.040625 0.11244979919678715
0 0.875 0.4457831325301205 0.03125 0.11244979919678715
0 0.1 0.5973895582329317 0.0171875 0.0642570281124498
0 0.7203125 0.357429718875502 0.1078125 0.13453815261044177
0 0.3171875 0.41967871485943775 0.0734375 0.09839357429718876
0 0.80703125 0.5512048192771084 0.046875 0.11847389558232932
0 0.453125 0.35843373493975905 0.0890625 0.06224899598393574
0 0.12734375 0.6004016064257028 0.0203125 0.07228915662650602
0 0.8515625 0.48092369477911645 0.0234375 0.04417670682730924
0 0.1953125 0.5973895582329317 0.01875 0.08032128514056225
0 0.5140625 0.3473895582329317 0.0640625 0.142570281124498
0 0.0265625 0.5753012048192772 0.03125 0.0783132530120482