0 0.22265625 0.49063231850117095 0.275 0.3793911007025761
0 0.50859375 0.44379391100702575 0.2390625 0.43559718969555034
0 0.84296875 0.45784543325526933 0.3125 0.5292740046838408
0 0.32265625 0.25995316159250587 0.0828125 0.2529274004683841
0 0.23828125 0.19437939110070257 0.08125 0.11475409836065574
0 0.7515625 0.117096018735363 0.0921875 0.1686182669789227
0 0.853125 0.09836065573770492 0.059375 0.117096018735363
0 0.93359375 0.21311475409836064 0.0828125 0.13817330210772832
0 0.23828125 0.10655737704918032 0.05 0.1451990632318501
0 0.953125 0.26697892271662765 0.090625 0.3255269320843091
0 0.43828125 0.22833723653395785 0.071875 0.3770491803278688
0 0.0921875 0.22131147540983606 0.0875 0.15456674473067916
0 0.66796875 0.2857142857142857 0.115625 0.2857142857142857
