0 0.32734375 0.5674019607843137 0.0671875 0.27450980392156865
0 0.2828125 0.5698529411764706 0.0375 0.25980392156862747
0 0.228125 0.5723039215686274 0.04375 0.13970588235294118
0 0.36171875 0.5049019607843137 0.025 0.12745098039215685
0 0.43046875 0.5343137254901961 0.053125 0.25980392156862747
0 0.48203125 0.5355392156862745 0.059375 0.23284313725490197
0 0.4953125 0.45465686274509803 0.0171875 0.022058823529411766
0 0.71328125 0.5526960784313726 0.0359375 0.13480392156862744
0 0.68828125 0.5281862745098039 0.034375 0.10294117647058823
0 0.203125 0.571078431372549 0.0328125 0.12745098039215685
0 0.34296875 0.5392156862745098 0.01875 0.10294117647058823
0 0.52890625 0.5600490196078431 0.0484375 0.21568627450980393
0 0.3890625 0.5514705882352942 0.0609375 0.20588235294117646
