0 0.37719298245614036 0.59921875 0.75 0.634375
0 0.6864035087719298 0.28671875 0.15789473684210525 0.3234375
0 0.3519736842105263 0.2390625 0.11842105263157894 0.184375
0 0.2236842105263158 0.0859375 0.05043859649122807 0.096875
0 0.7620614035087719 0.2921875 0.10964912280701754 0.265625
0 0.8530701754385965 0.0859375 0.08114035087719298 0.1046875
0 0.5098684210526315 0.103125 0.03728070175438596 0.0671875
0 0.2730263157894737 0.10234375 0.03508771929824561 0.065625
0 0.1699561403508772 0.08125 0.05921052631578947 0.0953125
0 0.5296052631578947 0.3078125 0.31140350877192985 0.38125
0 0.40460526315789475 0.10234375 0.05482456140350877 0.071875
