0 0.287 0.5693333333333334 0.036 0.088
0 0.258 0.512 0.018 0.04533333333333334
0 0.448 0.3933333333333333 0.016 0.06133333333333333
0 0.469 0.3893333333333333 0.014 0.064
0 0.462 0.39866666666666667 0.008 0.04
0 0.136 0.5133333333333333 0.02 0.10666666666666667
0 0.24 0.5373333333333333 0.018 0.04533333333333334
0 0.629 0.48533333333333334 0.012 0.018666666666666668
0 0.659 0.488 0.008 0.018666666666666668
0 0.647 0.48933333333333334 0.008 0.010666666666666666
0 0.903 0.4666666666666667 0.01 0.021333333333333333
0 0.872 0.4826666666666667 0.006 0.016