0 0.024 0.9066666666666666 0.048 0.17333333333333334
0 0.178 0.8933333333333333 0.036 0.07733333333333334
0 0.593 0.9466666666666667 0.032 0.104
0 0.712 0.9026666666666666 0.02 0.08533333333333333
0 0.904 0.9533333333333334 0.02 0.08266666666666667
0 0.09 0.7653333333333333 0.022 0.06933333333333333
0 0.478 0.8853333333333333 0.036 0.11466666666666667
0 0.734 0.9226666666666666 0.032 0.088
0 0.446 0.82 0.012 0.032
0 0.042 0.9533333333333334 0.04 0.09333333333333334
0 0.355 0.9746666666666667 0.03 0.050666666666666665
0 0.687 0.896 0.028 0.07733333333333334
0 0.114 0.848 0.024 0.04