0 0.83359375 0.7275943396226415 0.05625 0.20754716981132076
0 0.43828125 0.7794811320754716 0.14375 0.4268867924528302
0 0.3171875 0.7535377358490566 0.0515625 0.3632075471698113
0 0.23359375 0.7429245283018868 0.1296875 0.20518867924528303
0 0.615625 0.7346698113207547 0.096875 0.23820754716981132
0 0.6921875 0.714622641509434 0.0734375 0.1650943396226415
0 0.08828125 0.8207547169811321 0.1296875 0.3561320754716981
0 0.35625 0.7759433962264151 0.1015625 0.41745283018867924
0 0.000775646875 0.0018399292452830189 0.000132934375 0.001037125
0 0.55234375 0.7535377358490566 0.0734375 0.23349056603773585
0 0.80390625 0.7417452830188679 0.10625 0.2688679245283019
0 0.74375 0.8360849056603774 0.203125 0.3278301886792453
0 0.8875 0.7323113207547169 0.0796875 0.18632075471698112
