0 0.16875 0.667447306791569 0.04375 0.2529274004683841
0 0.2171875 0.6615925058548009 0.05625 0.26697892271662765
0 0.06328125 0.6592505854800936 0.05 0.2810304449648712
0 0.15234375 0.6194379391100703 0.0296875 0.20843091334894615
0 0.31484375 0.6463700234192038 0.04375 0.2459016393442623
0 0.13359375 0.531615925058548 0.015625 0.07962529274004684
0 0.2296875 0.5491803278688525 0.025 0.0702576112412178
0 0.16640625 0.5058548009367682 0.009375 0.05152224824355972
0 0.25078125 0.6487119437939111 0.034375 0.22482435597189696
0 0.26875 0.6311475409836066 0.034375 0.23185011709601874
0 0.09375 0.6194379391100703 0.034375 0.24824355971896955
0 0.45390625 0.5269320843091335 0.0515625 0.08899297423887588
0 0.021875 0.5702576112412178 0.028125 0.1358313817330211
