0 0.20078125 0.5625 0.059375 0.20833333333333334
0 0.5015625 0.6177083333333333 0.0765625 0.30625
0 0.15859375 0.5854166666666667 0.04375 0.15416666666666667
0 0.26640625 0.5635416666666667 0.0375 0.15416666666666667
0 0.896875 0.559375 0.053125 0.07916666666666666
0 0.44140625 0.55 0.028125 0.14375
0 0.325 0.5895833333333333 0.1171875 0.23541666666666666
0 0.46328125 0.5395833333333333 0.0296875 0.16666666666666666
0 0.86171875 0.5572916666666666 0.05625 0.07083333333333333
0 0.384375 0.5083333333333333 0.021875 0.05625
0 0.5890625 0.7302083333333333 0.046875 0.1125
0 0.37578125 0.5833333333333334 0.0390625 0.19583333333333333
