0 0.92734375 0.5822916666666667 0.075 0.30833333333333335
0 0.5984375 0.753125 0.1453125 0.4375
0 0.3625 0.8614583333333333 0.15 0.27708333333333335
0 0.19765625 0.6875 0.1765625 0.3416666666666667
0 0.8515625 0.071875 0.01875 0.058333333333333334
0 0.06171875 0.665625 0.1234375 0.39791666666666664
0 0.7671875 0.5479166666666667 0.0984375 0.3375
0 0.67578125 0.5333333333333333 0.1046875 0.33125
0 0.6 0.5083333333333333 0.125 0.21041666666666667
0 0.43984375 0.6520833333333333 0.178125 0.3458333333333333
0 0.47109375 0.6333333333333333 0.0828125 0.33958333333333335
0 0.81328125 0.5541666666666667 0.0546875 0.3
0 0.8703125 0.5270833333333333 0.06875 0.2791666666666667