0 0.39140625 0.6010416666666667 0.1453125 0.17083333333333334
0 0.14765625 0.5458333333333333 0.075 0.11666666666666667
0 0.0625 0.49583333333333335 0.021875 0.08541666666666667
0 0.69453125 0.496875 0.0265625 0.0875
0 0.14296875 0.490625 0.01875 0.075
0 0.1015625 0.4895833333333333 0.0140625 0.06041666666666667
0 0.134375 0.55625 0.0578125 0.0875
0 0.40078125 0.5072916666666667 0.0359375 0.12291666666666666
0 0.65078125 0.496875 0.025 0.06875
0 0.0265625 0.49270833333333336 0.0125 0.08958333333333333
0 0.0515625 0.496875 0.015625 0.08125
0 0.38671875 0.5864583333333333 0.075 0.14583333333333334