0 0.19921875 0.7985948477751756 0.046875 0.16627634660421545
0 0.1296875 0.7213114754098361 0.0671875 0.10070257611241218
0 0.16171875 0.819672131147541 0.0515625 0.13114754098360656
0 0.2875 0.6662763466042154 0.046875 0.06557377049180328
0 0.340625 0.6733021077283372 0.034375 0.07494145199063232
0 0.0828125 0.7517564402810304 0.05 0.08430913348946135
0 0.28203125 0.7505854800936768 0.0421875 0.1288056206088993
0 0.23125 0.6955503512880562 0.05 0.1288056206088993
0 0.0296875 0.7822014051522248 0.059375 0.07962529274004684
0 0.32109375 0.2903981264637002 0.040625 0.18266978922716628
0 0.3921875 0.6920374707259953 0.034375 0.07259953161592506
