0 0.665625 0.6466083150984683 0.0578125 0.1838074398249453
0 0.703125 0.6225382932166302 0.0546875 0.1575492341356674
0 0.5296875 0.7297592997811816 0.0546875 0.18818380743982493
0 0.4421875 0.7428884026258206 0.0609375 0.19912472647702406
0 0.2515625 0.8085339168490153 0.0890625 0.17943107221006566
0 0.53203125 0.4540481400437637 0.0421875 0.13347921225382933
0 0.8171875 0.5656455142231948 0.028125 0.0787746170678337
0 0.4875 0.38183807439824946 0.0359375 0.0700218818380744
0 0.29765625 0.5251641137855579 0.0484375 0.15098468271334792
0 0.3453125 0.4573304157549234 0.04375 0.07658643326039387
0 0.59296875 0.43326039387308535 0.05625 0.09409190371991247
0 0.51875 0.34463894967177244 0.028125 0.06564551422319474
0 0.77890625 0.6389496717724289 0.0875 0.17943107221006566