0 0.22835497835497837 0.48984375 0.19480519480519481 0.41875
0 0.5984848484848485 0.49453125 0.24458874458874458 0.5859375
0 0.30627705627705626 0.3765625 0.1277056277056277 0.2296875
0 0.8322510822510822 0.25703125 0.13636363636363635 0.1265625
0 0.9329004329004329 0.25703125 0.1038961038961039 0.103125
0 0.724025974025974 0.16484375 0.13203463203463203 0.128125
0 0.6114718614718615 0.14296875 0.14285714285714285 0.1015625
0 0.07034632034632035 0.49140625 0.1406926406926407 0.521875
0 0.8625541125541125 0.30625 0.11038961038961038 0.1
0 0.07575757575757576 0.61015625 0.15151515151515152 0.578125
0 0.06060606060606061 0.30859375 0.03463203463203463 0.04375
0 0.5248917748917749 0.221875 0.0735930735930736 0.0953125
0 0.9534632034632035 0.53515625 0.09307359307359307 0.4921875
