0 0.8515625 0.6056338028169014 0.20625 0.49061032863849763
0 0.6625 0.40375586854460094 0.1375 0.2300469483568075
0 0.55390625 0.39906103286384975 0.0984375 0.18544600938967137
0 0.90703125 0.2676056338028169 0.1 0.22065727699530516
0 0.43515625 0.3955399061032864 0.109375 0.19718309859154928
0 0.83359375 0.49178403755868544 0.1328125 0.3615023474178404
0 0.17265625 0.4565727699530516 0.0875 0.23708920187793428
0 0.0734375 0.57981220657277 0.1453125 0.5117370892018779
0 0.3171875 0.36971830985915494 0.065625 0.17136150234741784
0 0.56015625 0.25234741784037557 0.0265625 0.08685446009389672
0 0.4796875 0.23591549295774647 0.0234375 0.03990610328638498
0 0.271875 0.426056338028169 0.096875 0.19014084507042253
