0 0.1953125 0.24352941176470588 0.025 0.04941176470588235
0 0.30625 0.2858823529411765 0.0296875 0.07764705882352942
0 0.62421875 0.3588235294117647 0.053125 0.0988235294117647
0 0.54765625 0.2541176470588235 0.0625 0.10352941176470588
0 0.54375 0.7011764705882353 0.1859375 0.3905882352941176
0 0.271875 0.7494117647058823 0.1859375 0.32235294117647056
0 0.24609375 0.3811764705882353 0.05625 0.08235294117647059
0 0.4625 0.37176470588235294 0.0671875 0.09176470588235294
0 0.4828125 0.611764705882353 0.034375 0.13176470588235295
0 0.43984375 0.5835294117647059 0.096875 0.19058823529411764
0 0.18671875 0.6752941176470588 0.0515625 0.05176470588235294
0 0.77421875 0.13176470588235295 0.046875 0.06823529411764706
0 0.065625 0.6352941176470588 0.05625 0.14823529411764705
