0 0.7927400468384075 0.5953125 0.08430913348946135 0.1609375
0 0.6826697892271663 0.60703125 0.08899297423887588 0.1671875
0 0.5597189695550351 0.60625 0.09601873536299765 0.140625
0 0.43676814988290397 0.60703125 0.08665105386416862 0.125
0 0.30210772833723654 0.6140625 0.06323185011709602 0.134375
0 0.4215456674473068 0.58984375 0.0351288056206089 0.0625
0 0.3430913348946136 0.5890625 0.0468384074941452 0.0546875
0 0.24004683840749413 0.6140625 0.0702576112412178 0.1078125
0 0.1288056206088993 0.6203125 0.02107728337236534 0.0390625
0 0.18969555035128804 0.61015625 0.04918032786885246 0.10625
0 0.09250585480093677 0.621875 0.0117096018735363 0.0296875
0 0.05503512880562061 0.6203125 0.03278688524590164 0.0421875
0 0.477751756440281 0.58046875 0.02107728337236534 0.0359375