0 0.032 0.673 0.064 0.156
0 0.108 0.684 0.09866666666666667 0.126
0 0.20133333333333334 0.664 0.14666666666666667 0.15
0 0.704 0.611 0.050666666666666665 0.098
0 0.6666666666666666 0.603 0.021333333333333333 0.114
0 0.002585885333333333 0.00125066 0.00016156533333333334 0.00033979999999999997
0 0.9546666666666667 0.651 0.037333333333333336 0.104
0 0.232 0.598 0.04533333333333334 0.036
0 0.10533333333333333 0.573 0.029333333333333333 0.042
0 0.05466666666666667 0.603 0.04 0.044
0 0.16266666666666665 0.605 0.021333333333333333 0.022
0 0.12533333333333332 0.591 0.018666666666666668 0.026
0 0.184 0.588 0.032 0.03