0 0.29765625 0.5177083333333333 0.053125 0.06666666666666667
0 0.2875 0.4010416666666667 0.0265625 0.06041666666666667
0 0.05625 0.38958333333333334 0.01875 0.06041666666666667
0 0.771875 0.4270833333333333 0.021875 0.06041666666666667
0 0.9015625 0.4479166666666667 0.0234375 0.075
0 0.87265625 0.61875 0.05625 0.125
0 0.17421875 0.9583333333333334 0.0671875 0.08333333333333333
0 0.6109375 0.42604166666666665 0.021875 0.058333333333333334
0 0.19296875 0.33645833333333336 0.0125 0.04375
0 0.89921875 0.6708333333333333 0.0546875 0.07708333333333334
0 0.94765625 0.659375 0.071875 0.1125
