0 0.334 0.6853333333333333 0.286 0.5973333333333334
0 0.747 0.68 0.13 0.5813333333333334
0 0.772 0.104 0.078 0.09066666666666667
0 0.851 0.09333333333333334 0.082 0.09866666666666667
0 0.801 0.06533333333333333 0.06 0.104
0 0.957 0.06933333333333333 0.074 0.10933333333333334
0 0.927 0.11066666666666666 0.086 0.09866666666666667
0 0.73 0.08 0.068 0.13866666666666666
0 0.676 0.11866666666666667 0.058 0.06933333333333333
0 0.552 0.09466666666666666 0.072 0.17066666666666666
0 0.657 0.07066666666666667 0.088 0.12
0 0.522 0.06666666666666667 0.028 0.056
0 0.6 0.11866666666666667 0.086 0.104