0 0.859 0.5817901234567902 0.146 0.3271604938271605
0 0.085 0.470679012345679 0.116 0.5370370370370371
0 0.781 0.44598765432098764 0.136 0.5246913580246914
0 0.257 0.3271604938271605 0.084 0.20987654320987653
0 0.62 0.3533950617283951 0.078 0.24074074074074073
0 0.374 0.404320987654321 0.09 0.404320987654321
0 0.638 0.5 0.134 0.18518518518518517
0 0.328 0.5941358024691358 0.176 0.31790123456790126
0 0.453 0.5740740740740741 0.178 0.3333333333333333
0 0.691 0.38580246913580246 0.102 0.3425925925925926
0 0.933 0.5462962962962963 0.134 0.3611111111111111
0 0.556 0.33641975308641975 0.082 0.24074074074074073
0 0.26 0.47685185185185186 0.15 0.1697530864197531