0 0.97265625 0.09445843828715365 0.0546875 0.1385390428211587
0 0.20703125 0.4609571788413098 0.296875 0.5365239294710328
0 0.09140625 0.6775818639798489 0.1828125 0.6221662468513854
0 0.20546875 0.20151133501259447 0.0828125 0.1964735516372796
0 0.22734375 0.35768261964735515 0.125 0.24937027707808565
0 0.8515625 0.6410579345088161 0.2921875 0.7178841309823678
0 0.71875 0.49622166246851385 0.1921875 0.4534005037783375
0 0.79375 0.21536523929471033 0.103125 0.15365239294710328
0 0.71171875 0.1712846347607053 0.0625 0.10075566750629723
0 0.48828125 0.32997481108312343 0.14375 0.3224181360201511
0 0.57421875 0.44710327455919396 0.159375 0.42317380352644834
0 0.8546875 0.21914357682619648 0.0890625 0.20654911838790932
0 0.3171875 0.190176322418136 0.0546875 0.11083123425692695
