0 0.829 0.932 0.058 0.136
0 0.695 0.944 0.05 0.10933333333333334
0 0.756 0.8986666666666666 0.022 0.02666666666666667
0 0.394 0.9106666666666666 0.024 0.02666666666666667
0 0.871 0.9 0.024 0.037333333333333336
0 0.982 0.8933333333333333 0.032 0.050666666666666665
0 0.746 0.936 0.05 0.128
0 0.414 0.9186666666666666 0.014 0.048
0 0.812 0.8986666666666666 0.02 0.037333333333333336
0 0.933 0.9093333333333333 0.02 0.07733333333333334
0 0.916 0.9 0.02 0.042666666666666665
0 0.671 0.9693333333333334 0.078 0.06133333333333333
0 0.781 0.9186666666666666 0.018 0.050666666666666665
