0 0.5234375 0.6100702576112412 0.025 0.09601873536299765
0 0.89296875 0.617096018735363 0.015625 0.07962529274004684
0 0.87109375 0.6147540983606558 0.009375 0.04449648711943794
0 0.853125 0.6159250585480094 0.009375 0.04215456674473068
0 0.6453125 0.6241217798594848 0.015625 0.07259953161592506
0 0.71796875 0.617096018735363 0.0203125 0.07962529274004684
0 0.43203125 0.6007025761124122 0.009375 0.03044496487119438
0 0.7734375 0.6124121779859485 0.0234375 0.0936768149882904
0 0.7359375 0.5995316159250585 0.0125 0.03278688524590164
0 0.74609375 0.6007025761124122 0.0078125 0.02576112412177986
0 0.74453125 0.6358313817330211 0.0171875 0.04449648711943794
0 0.66953125 0.6206088992974239 0.021875 0.07494145199063232
0 0.80546875 0.6147540983606558 0.00625 0.02576112412177986