0 0.8859375 0.18336886993603413 0.071875 0.14072494669509594
0 0.54921875 0.5884861407249466 0.278125 0.6481876332622601
0 0.8171875 0.2931769722814499 0.090625 0.3070362473347548
0 0.63203125 0.24307036247334754 0.2015625 0.44136460554371004
0 0.42734375 0.27185501066098083 0.121875 0.2281449893390192
0 0.3875 0.1865671641791045 0.14375 0.3411513859275053
0 0.1921875 0.3017057569296375 0.140625 0.31556503198294245
0 0.71875 0.6108742004264393 0.284375 0.652452025586354
0 0.359375 0.5810234541577826 0.303125 0.7526652452025586
0 0.865625 0.34968017057569295 0.2015625 0.24093816631130063
0 0.1203125 0.1439232409381663 0.10625 0.2515991471215352
0 0.21953125 0.15031982942430705 0.1078125 0.24946695095948826
0 0.03984375 0.30597014925373134 0.0515625 0.24733475479744135
