0 0.1890625 0.955503512880562 0.0421875 0.08665105386416862
0 0.953125 0.949648711943794 0.0453125 0.10070257611241218
0 0.3953125 0.9836065573770492 0.0375 0.03278688524590164
0 0.44921875 0.9566744730679156 0.0296875 0.08665105386416862
0 0.4984375 0.9449648711943794 0.0390625 0.11007025761124122
0 0.6671875 0.9156908665105387 0.015625 0.06557377049180328
0 0.81640625 0.9344262295081968 0.015625 0.07962529274004684
0 0.36953125 0.8711943793911007 0.0140625 0.03981264637002342
0 0.45390625 0.8559718969555035 0.0078125 0.03278688524590164
0 0.70859375 0.9402810304449649 0.034375 0.08665105386416862
0 0.5671875 0.9215456674473068 0.01875 0.03747072599531616
0 0.63359375 0.9344262295081968 0.01875 0.06557377049180328
0 0.775 0.9765807962529274 0.0546875 0.0468384074941452
