0 0.000693775 0.002018394366197183 0.0001446296875 0.0006580492957746479
0 0.7609375 0.5586854460093896 0.065625 0.2676056338028169
0 0.96953125 0.6995305164319249 0.0546875 0.2511737089201878
0 0.921875 0.15375586854460094 0.0265625 0.07276995305164319
0 0.75859375 0.09272300469483569 0.04375 0.06807511737089202
0 0.53515625 0.05516431924882629 0.05625 0.07042253521126761
0 0.6328125 0.49178403755868544 0.075 0.19953051643192488
0 0.83984375 0.1255868544600939 0.0359375 0.07276995305164319
0 0.89765625 0.1431924882629108 0.0484375 0.07981220657276995
0 0.7171875 0.08568075117370892 0.040625 0.06572769953051644
0 0.93828125 0.16666666666666666 0.040625 0.07981220657276995
0 0.79609375 0.0715962441314554 0.0484375 0.13849765258215962
0 0.66328125 0.08098591549295775 0.0578125 0.06103286384976526