0 0.315625 0.528125 0.465625 0.88125
0 0.63125 0.5385416666666667 0.434375 0.8604166666666667
0 0.4625 0.14583333333333334 0.0609375 0.12291666666666666
0 0.403125 0.13333333333333333 0.0609375 0.12916666666666668
0 0.5546875 0.16458333333333333 0.078125 0.17708333333333334
0 0.75078125 0.15104166666666666 0.0796875 0.2520833333333333
0 0.87109375 0.16979166666666667 0.075 0.20208333333333334
0 0.14765625 0.26145833333333335 0.053125 0.10208333333333333
0 0.525 0.3 0.071875 0.06875
0 0.41328125 0.2760416666666667 0.0890625 0.09583333333333334
0 0.3203125 0.09375 0.075 0.15416666666666667
0 0.9234375 0.3145833333333333 0.065625 0.0625
0 0.93828125 0.20104166666666667 0.0578125 0.16041666666666668