0 0.4125 0.5829383886255924 0.1 0.11374407582938388
0 0.225 0.6279620853080569 0.0203125 0.11611374407582939
0 0.19609375 0.6398104265402843 0.034375 0.12322274881516587
0 0.02578125 0.6611374407582938 0.0515625 0.16587677725118483
0 0.21015625 0.6125592417061612 0.0203125 0.0971563981042654
0 0.42734375 0.23933649289099526 0.034375 0.045023696682464455
0 0.590625 0.5864928909952607 0.0421875 0.04265402843601896
0 0.4984375 0.5651658767772512 0.0375 0.11611374407582939
0 0.8015625 0.6184834123222749 0.025 0.052132701421800945
0 0.2625 0.6398104265402843 0.03125 0.10426540284360189
0 0.83515625 0.5971563981042654 0.01875 0.07819905213270142