0 0.115625 0.7244389027431422 0.2203125 0.4513715710723192
0 0.41875 0.7169576059850374 0.1609375 0.4763092269326683
0 0.58046875 0.7556109725685786 0.240625 0.4713216957605985
0 0.66484375 0.7119700748129676 0.171875 0.4538653366583541
0 0.853125 0.7231920199501247 0.234375 0.44389027431421446
0 0.8671875 0.5498753117206983 0.140625 0.6159600997506235
0 0.75625 0.4850374064837905 0.1125 0.4713216957605985
0 0.6625 0.43266832917705733 0.103125 0.36658354114713215
0 0.2796875 0.7369077306733167 0.1703125 0.44139650872817954
0 0.8265625 0.2456359102244389 0.090625 0.28428927680798005
0 0.72421875 0.23192019950124687 0.1171875 0.286783042394015
0 0.36484375 0.2543640897755611 0.1125 0.26683291770573564
0 0.2453125 0.529925187032419 0.11875 0.6134663341645885