0 0.7546875 0.6135416666666667 0.1203125 0.2375
0 0.76015625 0.409375 0.0546875 0.11875
0 0.796875 0.42083333333333334 0.0203125 0.12083333333333333
0 0.159375 0.5260416666666666 0.0671875 0.13541666666666666
0 0.4703125 0.3875 0.0265625 0.06041666666666667
0 0.5640625 0.3770833333333333 0.0390625 0.07708333333333334
0 0.51875 0.35208333333333336 0.0171875 0.020833333333333332
0 0.34296875 0.40520833333333334 0.0234375 0.0375
0 0.85390625 0.4895833333333333 0.0546875 0.21458333333333332
0 0.5671875 0.5072916666666667 0.0421875 0.06875
0 0.371875 0.546875 0.0484375 0.10208333333333333
0 0.67421875 0.44479166666666664 0.0671875 0.06666666666666667
