0 0.5203125 0.6627634660421545 0.4140625 0.36065573770491804
0 0.95859375 0.3337236533957845 0.0828125 0.10772833723653395
0 0.90234375 0.2775175644028103 0.1359375 0.12177985948477751
0 0.2765625 0.13466042154566746 0.125 0.18969555035128804
0 0.0203125 0.24941451990632318 0.0375 0.0936768149882904
0 0.62734375 0.21779859484777517 0.01875 0.05620608899297424
0 0.77578125 0.2388758782201405 0.028125 0.06088992974238876
0 0.7546875 0.24004683840749413 0.0234375 0.08430913348946135
0 0.84921875 0.2505854800936768 0.0171875 0.053864168618266976
0 0.81875 0.25175644028103045 0.021875 0.03747072599531616
0 0.06640625 0.2822014051522248 0.0421875 0.04918032786885246
0 0.09296875 0.2775175644028103 0.0359375 0.0468384074941452
0 0.0296875 0.2857142857142857 0.046875 0.05620608899297424