0 0.859375 0.6958333333333333 0.0609375 0.15625
0 0.65390625 0.64375 0.0171875 0.04375
0 0.478125 0.6447916666666667 0.0171875 0.04375
0 0.24921875 0.6625 0.0140625 0.05416666666666667
0 0.8296875 0.634375 0.015625 0.04375
0 0.64296875 0.64375 0.0109375 0.041666666666666664
0 0.26328125 0.6541666666666667 0.0140625 0.04583333333333333
0 0.39375 0.653125 0.0140625 0.04583333333333333
0 0.44765625 0.6447916666666667 0.0171875 0.04791666666666667
0 0.41484375 0.6020833333333333 0.009375 0.022916666666666665
0 0.21875 0.65625 0.0109375 0.041666666666666664
0 0.4203125 0.6166666666666667 0.015625 0.03333333333333333