0 0.1346153846153846 0.8953125 0.2230769230769231 0.1859375
0 0.29615384615384616 0.92265625 0.23846153846153847 0.1546875
0 0.46057692307692305 0.94296875 0.1576923076923077 0.1140625
0 0.5413461538461538 0.9359375 0.125 0.128125
0 0.6057692307692307 0.9296875 0.05384615384615385 0.1140625
0 0.6634615384615384 0.91875 0.12115384615384615 0.140625
0 0.3951923076923077 0.91796875 0.025 0.04375
0 0.7355769230769231 0.94921875 0.038461538461538464 0.0984375
0 0.7115384615384616 0.8984375 0.009615384615384616 0.0234375
0 0.46153846153846156 0.89609375 0.013461538461538462 0.0390625
0 0.4442307692307692 0.89453125 0.08846153846153847 0.08125
0 0.03461538461538462 0.89375 0.06923076923076923 0.140625