0 0.4328125 0.5715613382899628 0.3515625 0.828996282527881
0 0.0984375 0.5009293680297398 0.196875 0.9758364312267658
0 0.1546875 0.36059479553903345 0.1328125 0.4739776951672863
0 0.234375 0.31691449814126393 0.0828125 0.32899628252788105
0 0.60859375 0.29182156133828996 0.10625 0.26394052044609667
0 0.67109375 0.21933085501858737 0.046875 0.11338289962825279
0 0.7671875 0.44609665427509293 0.2609375 0.724907063197026
0 0.94375 0.38382899628252787 0.1125 0.4070631970260223
0 0.96015625 0.22026022304832713 0.05 0.15427509293680297
0 0.896875 0.19052044609665428 0.05 0.0762081784386617
