0 0.24140625 0.4168618266978923 0.459375 0.8337236533957846
0 0.5875 0.4215456674473068 0.153125 0.8407494145199064
0 0.7625 0.2786885245901639 0.2515625 0.531615925058548
0 0.4296875 0.45433255269320844 0.190625 0.8149882903981265
0 0.66640625 0.15690866510538642 0.0703125 0.24355971896955503
0 0.2 0.49882903981264637 0.4 0.9765807962529274
0 0.52265625 0.12646370023419204 0.0640625 0.1522248243559719
0 0.97578125 0.22365339578454332 0.0484375 0.11943793911007025
0 0.93125 0.16276346604215455 0.05 0.1873536299765808
0 0.87890625 0.14168618266978922 0.125 0.28337236533957844
0 0.33515625 0.19672131147540983 0.059375 0.14285714285714285
0 0.425 0.14637002341920374 0.121875 0.27634660421545665