0 0.46875 0.4625 0.04375 0.13958333333333334
0 0.296875 0.53125 0.253125 0.19166666666666668
0 0.0125 0.21145833333333333 0.009375 0.04791666666666667
0 0.5 0.5552083333333333 0.040625 0.05
0 0.73984375 0.5854166666666667 0.03125 0.03333333333333333
0 0.72578125 0.45729166666666665 0.0328125 0.041666666666666664
0 0.709375 0.3885416666666667 0.01875 0.041666666666666664
0 0.56640625 0.5583333333333333 0.0375 0.05
0 0.17734375 0.2375 0.053125 0.06458333333333334
0 0.7421875 0.50625 0.04375 0.05416666666666667
0 0.81015625 0.5010416666666667 0.0359375 0.035416666666666666
