0 0.571 0.1702127659574468 0.108 0.2127659574468085
0 0.869 0.2845744680851064 0.2 0.4521276595744681
0 0.164 0.7061170212765957 0.206 0.5664893617021277
0 0.29 0.550531914893617 0.172 0.8643617021276596
0 0.442 0.3125 0.198 0.4574468085106383
0 0.538 0.6263297872340425 0.218 0.726063829787234
0 0.354 0.6542553191489362 0.198 0.6648936170212766
0 0.906 0.6848404255319149 0.186 0.601063829787234
0 0.737 0.6382978723404256 0.23 0.723404255319149
0 0.68 0.25132978723404253 0.198 0.4654255319148936
0 0.113 0.5212765957446809 0.212 0.9228723404255319
