0 0.45546875 0.8258823529411765 0.0625 0.2988235294117647
0 0.81875 0.6647058823529411 0.0421875 0.1011764705882353
0 0.59453125 0.808235294117647 0.0796875 0.28
0 0.66953125 0.808235294117647 0.0875 0.34352941176470586
0 0.7296875 0.8141176470588235 0.0671875 0.26588235294117646
0 0.78671875 0.8164705882352942 0.06875 0.3176470588235294
0 0.959375 0.7976470588235294 0.08125 0.3764705882352941
0 0.896875 0.8188235294117647 0.0703125 0.33647058823529413
0 0.496875 0.8117647058823529 0.05625 0.24705882352941178
0 0.8390625 0.8411764705882353 0.090625 0.28
0 0.63359375 0.6388235294117647 0.0484375 0.15058823529411763
0 0.74140625 0.668235294117647 0.05 0.11764705882352941
0 0.67734375 0.6317647058823529 0.0484375 0.09411764705882353
