0 0.32109375 0.6333333333333333 0.1859375 0.3770833333333333
0 0.4765625 0.6541666666666667 0.271875 0.28125
0 0.82421875 0.5604166666666667 0.1921875 0.43333333333333335
0 0.2703125 0.2635416666666667 0.0421875 0.058333333333333334
0 0.2953125 0.26145833333333335 0.01875 0.05625
0 0.31328125 0.26145833333333335 0.021875 0.052083333333333336
0 0.09140625 0.2760416666666667 0.0375 0.04791666666666667
0 0.07109375 0.26458333333333334 0.034375 0.07708333333333334
0 0.95625 0.14479166666666668 0.05 0.08125
0 0.70703125 0.121875 0.046875 0.07916666666666666
0 0.05078125 0.28229166666666666 0.0234375 0.04583333333333333
0 0.3328125 0.21458333333333332 0.0296875 0.06041666666666667
0 0.31640625 0.34270833333333334 0.053125 0.14583333333333334