0 0.72265625 0.6756440281030445 0.14375 0.6440281030444965
0 0.84921875 0.6908665105386417 0.159375 0.5831381733021077
0 0.55078125 0.4953161592505855 0.0375 0.16159250585480095
0 0.4875 0.44028103044496486 0.028125 0.04449648711943794
0 0.4578125 0.4414519906323185 0.025 0.03747072599531616
0 0.4359375 0.4344262295081967 0.01875 0.04215456674473068
0 0.5078125 0.477751756440281 0.0546875 0.12412177985948478
0 0.93828125 0.4613583138173302 0.0453125 0.08665105386416862
0 0.9125 0.4929742388758782 0.0375 0.04449648711943794
0 0.6296875 0.509367681498829 0.046875 0.19437939110070257
0 0.60703125 0.4765807962529274 0.0171875 0.09836065573770492
0 0.6515625 0.4964871194379391 0.021875 0.1592505854800937
0 0.57265625 0.4918032786885246 0.0140625 0.1288056206088993