0 0.5453125 0.325 0.16875 0.65
0 0.4515625 0.19791666666666666 0.0625 0.30416666666666664
0 0.27421875 0.328125 0.09375 0.4083333333333333
0 0.22421875 0.371875 0.0421875 0.075
0 0.184375 0.3625 0.03125 0.12708333333333333
0 0.11328125 0.35 0.0296875 0.0875
0 0.17421875 0.434375 0.0296875 0.06666666666666667
0 0.9296875 0.3020833333333333 0.0515625 0.21041666666666667
0 0.0609375 0.39479166666666665 0.046875 0.16041666666666668
0 0.9625 0.2916666666666667 0.04375 0.22708333333333333
0 0.1359375 0.3625 0.0203125 0.10416666666666667
0 0.1625 0.37916666666666665 0.0328125 0.1375
0 0.87734375 0.3145833333333333 0.0546875 0.16666666666666666