0 0.18828125 0.6149584487534626 0.04375 0.16897506925207756
0 0.60546875 0.6939058171745153 0.0328125 0.24376731301939059
0 0.4703125 0.6925207756232687 0.078125 0.3545706371191136
0 0.43828125 0.6523545706371191 0.0203125 0.08033240997229917
0 0.71484375 0.6814404432132964 0.065625 0.3684210526315789
0 0.31328125 0.631578947368421 0.03125 0.1523545706371191
0 0.2578125 0.6274238227146814 0.0359375 0.1634349030470914
0 0.2671875 0.6149584487534626 0.0328125 0.1523545706371191
0 0.84921875 0.682825484764543 0.065625 0.37950138504155123
0 0.3609375 0.6094182825484764 0.03125 0.1440443213296399
0 0.290625 0.6163434903047091 0.028125 0.13019390581717452
0 0.503125 0.6024930747922438 0.025 0.11357340720221606
0 0.79140625 0.7105263157894737 0.071875 0.3407202216066482