0 0.3645833333333333 0.2046875 0.052083333333333336 0.0515625
0 0.09375 0.27265625 0.075 0.071875
0 0.027083333333333334 0.95703125 0.05 0.0859375
0 0.7385416666666667 0.13828125 0.5229166666666667 0.246875
0 0.5833333333333334 0.17734375 0.04375 0.046875
0 0.5447916666666667 0.18359375 0.035416666666666666 0.0421875
0 0.4625 0.6171875 0.09583333333333334 0.1203125
0 0.60625 0.1296875 0.04583333333333333 0.0453125
0 0.13229166666666667 0.23125 0.0375 0.04375
0 0.15416666666666667 0.1890625 0.04583333333333333 0.0375
0 0.40520833333333334 0.19921875 0.035416666666666666 0.046875
0 0.5020833333333333 0.18515625 0.03958333333333333 0.03125
0 0.19375 0.18203125 0.041666666666666664 0.0453125