0 0.77109375 0.3618266978922717 0.0375 0.05152224824355972
0 0.79453125 0.3700234192037471 0.015625 0.0585480093676815
0 0.8125 0.38173302107728335 0.021875 0.08665105386416862
0 0.57109375 0.3992974238875878 0.0234375 0.053864168618266976
0 0.6109375 0.3875878220140515 0.0078125 0.0351288056206089
0 0.4984375 0.3981264637002342 0.0359375 0.05152224824355972
0 0.5078125 0.36885245901639346 0.009375 0.0468384074941452
0 0.9859375 0.4098360655737705 0.0078125 0.03044496487119438
0 0.53125 0.3126463700234192 0.04375 0.234192037470726
0 0.68203125 0.40398126463700235 0.0125 0.04215456674473068
0 0.3578125 0.49765807962529274 0.334375 0.44730679156908665
0 0.9140625 0.40749414519906324 0.0109375 0.03981264637002342