0 0.3234375 0.3 0.05625 0.15529411764705883
0 0.2671875 0.5411764705882353 0.11875 0.5529411764705883
0 0.38125 0.5576470588235294 0.1328125 0.5835294117647059
0 0.290625 0.2635294117647059 0.0546875 0.12470588235294118
0 0.83046875 0.528235294117647 0.153125 0.6470588235294118
0 0.5203125 0.52 0.134375 0.6023529411764705
0 0.63125 0.5470588235294118 0.0984375 0.5741176470588235
0 0.684375 0.5 0.0796875 0.5670588235294117
0 0.73671875 0.5305882352941177 0.1546875 0.6658823529411765
0 0.04453125 0.35294117647058826 0.05 0.19058823529411764
0 0.43828125 0.5 0.0921875 0.5741176470588235
0 0.20703125 0.4835294117647059 0.0796875 0.5388235294117647
0 0.5796875 0.3 0.0421875 0.1976470588235294