0 0.60234375 0.17849686847599164 0.0078125 0.027139874739039668
0 0.5625 0.17745302713987474 0.0109375 0.04384133611691023
0 0.4546875 0.17640918580375783 0.009375 0.020876826722338204
0 0.73828125 0.17536534446764093 0.0125 0.04384133611691023
0 0.36875 0.17536534446764093 0.0140625 0.025052192066805846
0 0.3390625 0.17640918580375783 0.009375 0.03549060542797495
0 0.29921875 0.17849686847599164 0.0109375 0.04175365344467641
0 0.7265625 0.174321503131524 0.0109375 0.033402922755741124
0 0.09375 0.17954070981210857 0.0109375 0.033402922755741124
0 0.2390625 0.17745302713987474 0.0125 0.033402922755741124
0 0.275 0.18058455114822547 0.0109375 0.037578288100208766
0 0.03671875 0.1847599164926931 0.009375 0.03549060542797495
0 0.10625 0.18058455114822547 0.0125 0.031315240083507306