0 0.22014051522248243 0.675 0.12412177985948478 0.1734375
0 0.12295081967213115 0.68203125 0.14754098360655737 0.175
0 0.8747072599531616 0.540625 0.0702576112412178 0.0875
0 0.3946135831381733 0.73984375 0.11241217798594848 0.1875
0 0.8782201405152225 0.4484375 0.06088992974238876 0.0765625
0 0.8255269320843092 0.4390625 0.0585480093676815 0.0765625
0 0.3548009367681499 0.53515625 0.07259953161592506 0.053125
0 0.2939110070257611 0.57421875 0.053864168618266976 0.0921875
0 0.31733021077283374 0.55078125 0.03747072599531616 0.0703125
0 0.18032786885245902 0.50546875 0.05152224824355972 0.0453125
0 0.02810304449648712 0.440625 0.05152224824355972 0.0390625
0 0.8290398126463701 0.56875 0.04215456674473068 0.0671875
