0 0.17890625 0.6009174311926605 0.00625 0.03363914373088685
0 0.16640625 0.6039755351681957 0.0046875 0.03058103975535168
0 0.19765625 0.6116207951070336 0.0046875 0.03058103975535168
0 0.2109375 0.6024464831804281 0.0046875 0.03363914373088685
0 0.21796875 0.6070336391437309 0.00625 0.039755351681957186
0 0.22734375 0.6116207951070336 0.0078125 0.03058103975535168
0 0.2390625 0.6100917431192661 0.00625 0.03669724770642202
0 0.24609375 0.6085626911314985 0.0078125 0.03363914373088685
0 0.52890625 0.6636085626911316 0.0125 0.04281345565749235
0 0.3171875 0.6529051987767585 0.0109375 0.024464831804281346
0 0.490625 0.654434250764526 0.009375 0.039755351681957186
0 0.4609375 0.6483180428134556 0.0109375 0.01834862385321101
0 0.43984375 0.6085626911314985 0.009375 0.039755351681957186