0 0.10234375 0.7104700854700855 0.2046875 0.5555555555555556
0 0.74453125 0.5758547008547008 0.0609375 0.10042735042735043
0 0.66484375 0.561965811965812 0.0578125 0.1388888888888889
0 0.984375 0.5683760683760684 0.03125 0.13034188034188035
0 0.6953125 0.5651709401709402 0.028125 0.1388888888888889
0 0.1859375 0.5576923076923077 0.05 0.17735042735042736
0 0.81953125 0.5737179487179487 0.0453125 0.13675213675213677
0 0.7921875 0.5384615384615384 0.0203125 0.05128205128205128
0 0.7734375 0.5747863247863247 0.03125 0.10683760683760683
0 0.95625 0.561965811965812 0.0546875 0.13675213675213677
0 0.8640625 0.5737179487179487 0.05 0.12606837606837606