0 0.86015625 0.584375 0.1265625 0.325
0 0.65625 0.703125 0.115625 0.40625
0 0.534375 0.49166666666666664 0.0328125 0.15
0 0.5828125 0.43333333333333335 0.0375 0.11875
0 0.5046875 0.4864583333333333 0.0390625 0.18125
0 0.48046875 0.4791666666666667 0.0234375 0.14583333333333334
0 0.440625 0.49166666666666664 0.05 0.1375
0 0.76484375 0.4166666666666667 0.0171875 0.052083333333333336
0 0.69765625 0.46041666666666664 0.06875 0.1375
0 0.10625 0.84375 0.2125 0.3125
0 0.2765625 0.41354166666666664 0.0265625 0.0625
0 0.96484375 0.4239583333333333 0.021875 0.05416666666666667
0 0.55546875 0.44166666666666665 0.0171875 0.07916666666666666