0 0.26875 0.67890625 0.027083333333333334 0.0890625
0 0.3125 0.6796875 0.035416666666666666 0.08125
0 0.4239583333333333 0.66484375 0.025 0.05
0 0.33541666666666664 0.67265625 0.022916666666666665 0.05
0 0.9385416666666667 0.65859375 0.020833333333333332 0.025
0 0.56875 0.65 0.010416666666666666 0.015625
0 0.47604166666666664 0.6515625 0.00625 0.0125
0 0.48020833333333335 0.65 0.008333333333333333 0.0125
0 0.7083333333333334 0.653125 0.016666666666666666 0.021875
0 0.65625 0.65 0.0125 0.0234375
0 0.6375 0.6765625 0.04375 0.078125
0 0.9010416666666666 0.75078125 0.0625 0.18125