0 0.5265625 0.30117647058823527 0.3359375 0.6023529411764705
0 0.096875 0.38823529411764707 0.19375 0.7058823529411765
0 0.35859375 0.3270588235294118 0.0546875 0.34352941176470586
0 0.296875 0.32588235294117646 0.078125 0.35058823529411764
0 0.24296875 0.3176470588235294 0.0859375 0.3976470588235294
0 0.15703125 0.29058823529411765 0.05 0.17176470588235293
0 0.66875 0.26588235294117646 0.0296875 0.05411764705882353
0 0.20078125 0.2964705882352941 0.015625 0.07764705882352942
0 0.18828125 0.29764705882352943 0.0109375 0.06588235294117648
0 0.45 0.31529411764705884 0.0296875 0.12
0 0.4046875 0.3270588235294118 0.0453125 0.31058823529411766
0 0.65078125 0.2611764705882353 0.0203125 0.042352941176470586
0 0.27109375 0.3235294117647059 0.0359375 0.2917647058823529