0 0.60546875 0.5887850467289719 0.08125 0.31542056074766356
0 0.31953125 0.5689252336448598 0.059375 0.17757009345794392
0 0.26015625 0.5502336448598131 0.034375 0.12850467289719625
0 0.21484375 0.5315420560747663 0.0265625 0.08878504672897196
0 0.01875 0.5315420560747663 0.01875 0.07242990654205607
0 0.6421875 0.4077102803738318 0.0375 0.07242990654205607
0 0.16953125 0.5186915887850467 0.0203125 0.08411214953271028
0 0.190625 0.5245327102803738 0.0171875 0.09345794392523364
0 0.23671875 0.5245327102803738 0.0265625 0.09579439252336448
0 0.153125 0.4929906542056075 0.0140625 0.0397196261682243
0 0.0359375 0.5163551401869159 0.0140625 0.0630841121495327
0 0.09140625 0.4929906542056075 0.009375 0.037383177570093455
