0 0.290625 0.63125 0.0625 0.2375
0 0.1265625 0.634375 0.0703125 0.25
0 0.42890625 0.590625 0.03125 0.06666666666666667
0 0.4796875 0.5885416666666666 0.0234375 0.06041666666666667
0 0.03125 0.6364583333333333 0.0625 0.28125
0 0.86875 0.7427083333333333 0.1578125 0.2875
0 0.97109375 0.7364583333333333 0.0578125 0.27708333333333335
0 0.34375 0.596875 0.0359375 0.06666666666666667
0 0.459375 0.5958333333333333 0.0234375 0.04791666666666667
0 0.371875 0.596875 0.028125 0.0625
0 0.884375 0.60625 0.021875 0.03958333333333333
0 0.93046875 0.609375 0.0328125 0.075
0 0.2296875 0.625 0.059375 0.2