0 0.50390625 0.4894859813084112 0.1296875 0.49065420560747663
0 0.25625 0.4567757009345794 0.0671875 0.1658878504672897
0 0.3625 0.4182242990654206 0.0421875 0.11682242990654206
0 0.8203125 0.5163551401869159 0.0375 0.08411214953271028
0 0.91875 0.6016355140186916 0.0359375 0.16121495327102803
0 0.11640625 0.45210280373831774 0.0265625 0.08411214953271028
0 0.7453125 0.5292056074766355 0.0140625 0.06775700934579439
0 0.065625 0.4883177570093458 0.021875 0.04672897196261682
0 0.9828125 0.5490654205607477 0.0296875 0.17289719626168223
0 0.29765625 0.41238317757009346 0.0234375 0.10046728971962617
0 0.01875 0.5257009345794392 0.0375 0.21495327102803738
0 0.03828125 0.4532710280373832 0.0171875 0.06542056074766354
0 0.89765625 0.5607476635514018 0.03125 0.16121495327102803