0 0.69921875 0.7739583333333333 0.1484375 0.45208333333333334
0 0.12109375 0.7916666666666666 0.2421875 0.39375
0 0.359375 0.47708333333333336 0.0359375 0.12916666666666668
0 0.8859375 0.7677083333333333 0.1390625 0.19583333333333333
0 0.36796875 0.38333333333333336 0.025 0.08125
0 0.43359375 0.3875 0.0328125 0.1
0 0.0890625 0.4427083333333333 0.021875 0.075
0 0.94140625 0.8697916666666666 0.1171875 0.24791666666666667
0 0.40625 0.37916666666666665 0.0171875 0.08125
0 0.63828125 0.32916666666666666 0.0140625 0.06458333333333334
0 0.25234375 0.9645833333333333 0.065625 0.07083333333333333
0 0.3125 0.39479166666666665 0.04375 0.12291666666666666
