0 0.76171875 0.9416666666666667 0.0546875 0.09583333333333334
0 0.91640625 0.5875 0.078125 0.09791666666666667
0 0.3046875 0.3572916666666667 0.015625 0.022916666666666665
0 0.1859375 0.5864583333333333 0.0390625 0.08125
0 0.60859375 0.21145833333333333 0.0125 0.014583333333333334
0 0.175 0.46041666666666664 0.0171875 0.04375
0 0.2125 0.43645833333333334 0.028125 0.0625
0 0.50234375 0.39166666666666666 0.021875 0.06458333333333334
0 0.4640625 0.4 0.0234375 0.05625
0 0.4328125 0.4041666666666667 0.0234375 0.05416666666666667
0 0.7625 0.19270833333333334 0.021875 0.04375
0 0.11484375 0.6145833333333334 0.05 0.0625
