0 0.14609375 0.7215189873417721 0.021875 0.1360759493670886
0 0.8453125 0.7832278481012658 0.0453125 0.20253164556962025
0 0.95546875 0.7231012658227848 0.021875 0.14873417721518986
0 0.88671875 0.689873417721519 0.021875 0.06962025316455696
0 0.353125 0.7215189873417721 0.0234375 0.14240506329113925
0 0.33984375 0.7199367088607594 0.0203125 0.13924050632911392
0 0.24765625 0.7294303797468354 0.015625 0.12025316455696203
0 0.0328125 0.7136075949367089 0.0125 0.10443037974683544
0 0.98984375 0.7215189873417721 0.0203125 0.16139240506329114
0 0.0125 0.7120253164556962 0.0171875 0.12025316455696203
0 0.0234375 0.7167721518987342 0.01875 0.10759493670886076
