0 0.4336448598130841 0.49140625 0.5906542056074766 0.9171875
0 0.7616822429906542 0.16953125 0.23177570093457944 0.3390625
0 0.908411214953271 0.04375 0.07476635514018691 0.0875
0 0.4392523364485981 0.05078125 0.13457943925233645 0.1
0 0.2953271028037383 0.07421875 0.09719626168224299 0.1484375
0 0.07289719626168224 0.08203125 0.0616822429906542 0.1625
0 0.04766355140186916 0.08203125 0.09532710280373832 0.159375
0 0.9663551401869159 0.04375 0.03364485981308411 0.0875
0 0.34953271028037386 0.07109375 0.102803738317757 0.1125
0 0.6401869158878505 0.134375 0.14392523364485982 0.26875
0 0.17289719626168223 0.08828125 0.2 0.1765625
0 0.9850467289719627 0.04375 0.029906542056074768 0.0875