0 0.53359375 0.76875 0.05 0.10208333333333333
0 0.4375 0.8083333333333333 0.0296875 0.08541666666666667
0 0.0005165890625 0.0018082041666666667 0.000181909375 0.0005502604166666667
0 0.21640625 0.7958333333333333 0.090625 0.26666666666666666
0 0.790625 0.8385416666666666 0.08125 0.225
0 0.49140625 0.903125 0.059375 0.19166666666666668
0 0.48125 0.7770833333333333 0.053125 0.18125
0 0.878125 0.8666666666666667 0.0625 0.26458333333333334
0 0.68984375 0.8239583333333333 0.0484375 0.22916666666666666
0 0.25078125 0.878125 0.04375 0.19166666666666668
0 0.828125 0.7166666666666667 0.025 0.04791666666666667
0 0.453125 0.809375 0.0109375 0.014583333333333334
0 0.65390625 0.7583333333333333 0.0390625 0.11875
