0 0.32421875 0.5925058548009368 0.04375 0.07494145199063232
0 0.5859375 0.6955503512880562 0.2578125 0.5245901639344263
0 0.86328125 0.5925058548009368 0.0140625 0.0351288056206089
0 0.35 0.5971896955503513 0.0140625 0.03044496487119438
0 0.746875 0.5667447306791569 0.0078125 0.0234192037470726
0 0.809375 0.5644028103044496 0.00625 0.02810304449648712
0 0.9 0.5608899297423887 0.0078125 0.02576112412177986
0 0.928125 0.5597189695550351 0.0140625 0.03044496487119438
0 0.63671875 0.5866510538641686 0.0078125 0.02576112412177986
0 0.91875 0.5597189695550351 0.0078125 0.02810304449648712
0 0.41875 0.4847775175644028 0.0015625 0.00936768149882904
0 0.64453125 0.5608899297423887 0.00625 0.02107728337236534