0 0.9484375 0.4565727699530516 0.103125 0.4859154929577465
0 0.8609375 0.4706572769953052 0.096875 0.44835680751173707
0 0.77578125 0.4565727699530516 0.09375 0.48826291079812206
0 0.68828125 0.42018779342723006 0.0953125 0.3685446009389671
0 0.503125 0.4788732394366197 0.08125 0.3779342723004695
0 0.446875 0.45774647887323944 0.0828125 0.3873239436619718
0 0.2140625 0.49178403755868544 0.1015625 0.40375586854460094
0 0.3078125 0.6619718309859155 0.1140625 0.22769953051643194
0 0.12109375 0.47183098591549294 0.0921875 0.3333333333333333
0 0.3 0.47417840375586856 0.0765625 0.3474178403755869
0 0.5953125 0.4953051643192488 0.1125 0.4624413145539906
0 0.04140625 0.5481220657276995 0.08125 0.5046948356807511
0 0.6734375 0.6267605633802817 0.0984375 0.2300469483568075