0 0.0546875 0.747072599531616 0.0296875 0.03278688524590164
0 0.07734375 0.8864168618266979 0.103125 0.1920374707259953
0 0.14296875 0.9086651053864169 0.078125 0.16159250585480095
0 0.20859375 0.8770491803278688 0.0515625 0.2154566744730679
0 0.0004544796875 0.0020787704918032784 0.00015930156250000001 0.0005263021077283372
0 0.2125 0.6592505854800936 0.0609375 0.22716627634660422
0 0.2546875 0.7306791569086651 0.05 0.0936768149882904
0 0.525 0.6943793911007026 0.159375 0.5199063231850117
0 0.23203125 0.9320843091334895 0.090625 0.1358313817330211
0 0.68046875 0.8653395784543325 0.1125 0.2693208430913349
0 0.3296875 0.6498829039812647 0.0296875 0.0936768149882904
0 0.41640625 0.7517564402810304 0.0375 0.08430913348946135
0 0.3921875 0.6533957845433255 0.084375 0.0936768149882904