0 0.9265625 0.3805620608899297 0.146875 0.3583138173302108
0 0.46796875 0.3864168618266979 0.15625 0.297423887587822
0 0.35 0.48243559718969553 0.2125 0.5901639344262295
0 0.2484375 0.42857142857142855 0.1671875 0.45433255269320844
0 0.96953125 0.09484777517564402 0.0609375 0.18969555035128804
0 0.12578125 0.35362997658079626 0.0953125 0.28805620608899296
0 0.1234375 0.1873536299765808 0.0859375 0.3700234192037471
0 0.59296875 0.16510538641686182 0.1203125 0.33021077283372363
0 0.43359375 0.31733021077283374 0.1 0.29508196721311475
0 0.81328125 0.4718969555035129 0.26875 0.6018735362997658
0 0.5203125 0.1721311475409836 0.728125 0.34192037470725994
0 0.61640625 0.48711943793911006 0.1671875 0.5620608899297423
0 0.08203125 0.39344262295081966 0.1625 0.24824355971896955
