0 0.21662763466042154 0.63359375 0.00936768149882904 0.0390625
0 0.36416861826697894 0.609375 0.13114754098360656 0.078125
0 0.46955503512880564 0.61484375 0.02107728337236534 0.0375
0 0.5187353629976581 0.56171875 0.01405152224824356 0.0140625
0 0.27985948477751754 0.62109375 0.0234192037470726 0.040625
0 0.6112412177985949 0.54453125 0.01873536299765808 0.0375
0 0.32201405152224827 0.659375 0.02576112412177986 0.040625
0 0.3442622950819672 0.6609375 0.02107728337236534 0.03125
0 0.550351288056206 0.57109375 0.0234192037470726 0.0421875
0 0.2505854800936768 0.60625 0.01639344262295082 0.028125
0 0.5140515222482436 0.74765625 0.0234192037470726 0.040625
0 0.5843091334894613 0.94140625 0.03278688524590164 0.05625
0 0.6510538641686182 0.95859375 0.01639344262295082 0.015625