0 0.565625 0.4257075471698113 0.040625 0.17452830188679244
0 0.66640625 0.4091981132075472 0.046875 0.18396226415094338
0 0.45625 0.46226415094339623 0.0515625 0.18632075471698112
0 0.39765625 0.4811320754716981 0.0640625 0.18160377358490565
0 0.5265625 0.4516509433962264 0.04375 0.18160377358490565
0 0.22265625 0.527122641509434 0.0671875 0.19103773584905662
0 0.1328125 0.5294811320754716 0.053125 0.20518867924528303
0 0.7203125 0.3761792452830189 0.0640625 0.17452830188679244
0 0.8875 0.3596698113207547 0.05625 0.1580188679245283
0 0.921875 0.375 0.06875 0.12264150943396226
0 0.0234375 0.5837264150943396 0.046875 0.20518867924528303
0 0.22890625 0.5011792452830188 0.0609375 0.18867924528301888
0 0.2171875 0.47523584905660377 0.071875 0.16981132075471697