0 0.59140625 0.639344262295082 0.0875 0.3981264637002342
0 0.96328125 0.5351288056206089 0.025 0.08665105386416862
0 0.81484375 0.5374707259953162 0.025 0.11007025761124122
0 0.02421875 0.468384074941452 0.046875 0.12412177985948478
0 0.16953125 0.6428571428571429 0.146875 0.6088992974238876
0 0.52265625 0.639344262295082 0.0796875 0.41217798594847777
0 0.9671875 0.5573770491803278 0.0109375 0.04918032786885246
0 0.975 0.5117096018735363 0.0109375 0.01873536299765808
0 0.8734375 0.5386416861826698 0.0140625 0.10772833723653395
0 0.44296875 0.45784543325526933 0.021875 0.0351288056206089
0 0.421875 0.4672131147540984 0.015625 0.01873536299765808
0 0.93203125 0.5292740046838408 0.021875 0.11241217798594848
0 0.87421875 0.5456674473067916 0.034375 0.11475409836065574