0 0.2625 0.9041666666666667 0.1359375 0.19166666666666668
0 0.0001519890625 0.00183405 0.0003026125 0.0004985687499999999
0 0.8875 0.7635416666666667 0.046875 0.05625
0 0.87265625 0.7375 0.0375 0.06041666666666667
0 0.715625 0.5739583333333333 0.0171875 0.029166666666666667
0 0.55390625 0.43645833333333334 0.0234375 0.0375
0 0.37734375 0.28125 0.009375 0.03125
0 0.30078125 0.20729166666666668 0.009375 0.025
0 0.27890625 0.175 0.00625 0.020833333333333332
0 0.71875 0.59375 0.03125 0.04583333333333333
0 0.27265625 0.16979166666666667 0.0046875 0.0125