0 0.27109375 0.5023419203747073 0.0390625 0.08899297423887588
0 0.4125 0.5573770491803278 0.0640625 0.10304449648711944
0 0.15078125 0.2939110070257611 0.04375 0.18501170960187355
0 0.096875 0.5152224824355972 0.0453125 0.1358313817330211
0 0.21484375 0.4894613583138173 0.0265625 0.0936768149882904
0 0.3578125 0.5550351288056206 0.0390625 0.10304449648711944
0 0.82265625 0.2892271662763466 0.0546875 0.2529274004683841
0 0.90859375 0.2927400468384075 0.0578125 0.2388758782201405
0 0.8234375 0.5702576112412178 0.1109375 0.117096018735363
0 0.18125 0.4918032786885246 0.053125 0.1288056206088993
0 0.05546875 0.3407494145199063 0.046875 0.08196721311475409
0 0.0734375 0.20608899297423888 0.05625 0.11475409836065574
0 0.2296875 0.550351288056206 0.0484375 0.13114754098360656
