0 0.37421875 0.31220657276995306 0.053125 0.14553990610328638
0 0.10390625 0.32511737089201875 0.0640625 0.12910798122065728
0 0.15 0.3685446009389671 0.0609375 0.26291079812206575
0 0.1765625 0.27816901408450706 0.015625 0.03990610328638498
0 0.20234375 0.36971830985915494 0.053125 0.27230046948356806
0 0.2625 0.2828638497652582 0.03125 0.0892018779342723
0 0.28203125 0.35093896713615025 0.0453125 0.215962441314554
0 0.43203125 0.35093896713615025 0.05 0.03286384976525822
0 0.23125 0.3215962441314554 0.0359375 0.13380281690140844
0 0.40078125 0.36032863849765256 0.03125 0.10093896713615023
0 0.33125 0.3873239436619718 0.0515625 0.22065727699530516
0 0.05625 0.3544600938967136 0.0265625 0.056338028169014086
0 0.0171875 0.4107981220657277 0.034375 0.17370892018779344