0 0.51015625 0.22321428571428573 0.14375 0.4017857142857143
0 0.90625 0.29910714285714285 0.078125 0.3244047619047619
0 0.159375 0.28869047619047616 0.05 0.28869047619047616
0 0.10625 0.23660714285714285 0.0625 0.18452380952380953
0 0.38515625 0.2693452380952381 0.0671875 0.13988095238095238
0 0.33984375 0.27827380952380953 0.0703125 0.13690476190476192
0 0.24453125 0.3020833333333333 0.0921875 0.26785714285714285
0 0.67890625 0.3244047619047619 0.05625 0.23809523809523808
0 0.446875 0.27232142857142855 0.0546875 0.15773809523809523
0 0.78359375 0.22321428571428573 0.046875 0.18154761904761904
0 0.76171875 0.23958333333333334 0.0203125 0.07738095238095238
0 0.0015162359375 0.0009522023809523809 0.0000925296875 0.0008542380952380952
0 0.73203125 0.23214285714285715 0.0484375 0.13690476190476192
