0 0.278125 0.48020833333333335 0.034375 0.15833333333333333
0 0.11953125 0.5479166666666667 0.0578125 0.24166666666666667
0 0.39375 0.4708333333333333 0.0359375 0.14166666666666666
0 0.48125 0.45208333333333334 0.0140625 0.07708333333333334
0 0.5328125 0.459375 0.0453125 0.11458333333333333
0 0.5796875 0.45729166666666665 0.053125 0.15208333333333332
0 0.6265625 0.4510416666666667 0.0296875 0.08541666666666667
0 0.86328125 0.4479166666666667 0.0359375 0.11875
0 0.22890625 0.42291666666666666 0.0078125 0.035416666666666666
0 0.13828125 0.49270833333333336 0.0546875 0.20416666666666666
0 0.2125 0.41770833333333335 0.009375 0.01875
0 0.21328125 0.45 0.0125 0.06041666666666667
0 0.2453125 0.42604166666666665 0.009375 0.025