0 0.33671875 0.19166666666666668 0.0078125 0.03333333333333333
0 0.240625 0.19479166666666667 0.0078125 0.03125
0 0.184375 0.19270833333333334 0.0125 0.03958333333333333
0 0.371875 0.19375 0.0171875 0.03125
0 0.390625 0.18645833333333334 0.0109375 0.04375
0 0.40078125 0.1875 0.009375 0.03958333333333333
0 0.88359375 0.15104166666666666 0.0140625 0.025
0 0.24453125 0.18854166666666666 0.00625 0.041666666666666664
0 0.42421875 0.1875 0.0109375 0.03958333333333333
0 0.41171875 0.19375 0.0125 0.025
0 0.23203125 0.2 0.0078125 0.020833333333333332
0 0.89140625 0.14895833333333333 0.0078125 0.01875
0 0.39765625 0.24270833333333333 0.0171875 0.01875
