0 0.62578125 0.7447306791569087 0.2609375 0.36065573770491804
0 0.83125 0.6873536299765808 0.1609375 0.45901639344262296
0 0.296875 0.5714285714285714 0.271875 0.5573770491803278
0 0.12578125 0.265807962529274 0.075 0.15456674473067916
0 0.2328125 0.27634660421545665 0.08125 0.1592505854800937
0 0.41875 0.30210772833723654 0.096875 0.16159250585480095
0 0.5453125 0.3231850117096019 0.0671875 0.1522248243559719
0 0.64140625 0.32786885245901637 0.0796875 0.1686182669789227
0 0.69375 0.33021077283372363 0.090625 0.1873536299765808
0 0.8203125 0.351288056206089 0.08125 0.15690866510538642
0 0.925 0.3231850117096019 0.0765625 0.22482435597189696
0 0.18515625 0.27049180327868855 0.065625 0.15690866510538642
0 0.75546875 0.3407494145199063 0.0703125 0.16159250585480095
