0 0.62109375 0.5501165501165501 0.2875 0.6876456876456877
0 0.196875 0.5163170163170163 0.2671875 0.7132867132867133
0 0.6125 0.21445221445221446 0.05 0.15151515151515152
0 0.27578125 0.16200466200466201 0.0453125 0.1258741258741259
0 0.34375 0.12703962703962704 0.0203125 0.053613053613053616
0 0.396875 0.3543123543123543 0.16875 0.3473193473193473
0 0.065625 0.3776223776223776 0.0953125 0.28205128205128205
0 0.75390625 0.29953379953379955 0.134375 0.18414918414918416
0 0.53046875 0.2494172494172494 0.078125 0.1888111888111888
0 0.0609375 0.26573426573426573 0.1140625 0.16783216783216784
0 0.05390625 0.5163170163170163 0.1078125 0.43123543123543123
0 0.83515625 0.28554778554778554 0.0625 0.2331002331002331
0 0.9015625 0.26573426573426573 0.0625 0.2680652680652681