0 0.67734375 0.51171875 0.378125 0.857421875
0 0.1390625 0.3505859375 0.1453125 0.310546875
0 0.95625 0.16796875 0.0875 0.1328125
0 0.9203125 0.087890625 0.0875 0.12109375
0 0.81953125 0.2158203125 0.0890625 0.083984375
0 0.89140625 0.2333984375 0.0546875 0.048828125
0 0.86171875 0.1748046875 0.0640625 0.07421875
0 0.40390625 0.177734375 0.128125 0.125
0 0.2484375 0.177734375 0.0765625 0.10546875
0 0.0484375 0.1865234375 0.075 0.068359375
0 0.1890625 0.1708984375 0.0640625 0.111328125
0 0.10859375 0.1572265625 0.0796875 0.130859375
0 0.29765625 0.1494140625 0.0640625 0.1640625
