0 0.45625 0.4239583333333333 0.01875 0.075
0 0.50546875 0.44166666666666665 0.01875 0.07083333333333333
0 0.63671875 0.48125 0.025 0.07291666666666667
0 0.5703125 0.4625 0.0265625 0.06458333333333334
0 0.61015625 0.475 0.0296875 0.07708333333333334
0 0.6609375 0.4895833333333333 0.0203125 0.07083333333333333
0 0.5453125 0.45416666666666666 0.0359375 0.06875
0 0.48984375 0.5802083333333333 0.19375 0.15416666666666667
0 0.39921875 0.32395833333333335 0.003125 0.010416666666666666
0 0.20078125 0.275 0.0046875 0.014583333333333334
