0 0.25729166666666664 0.79296875 0.022916666666666665 0.0484375
0 0.32083333333333336 0.796875 0.041666666666666664 0.0625
0 0.3645833333333333 0.8 0.0375 0.0640625
0 0.17604166666666668 0.79296875 0.03333333333333333 0.05625
0 0.10104166666666667 0.79296875 0.03125 0.053125
0 0.259375 0.7703125 0.03125 0.0359375
0 0.8375 0.79296875 0.010416666666666666 0.028125
0 0.22708333333333333 0.775 0.014583333333333334 0.040625
0 0.31875 0.7640625 0.03125 0.0265625
0 0.296875 0.7734375 0.014583333333333334 0.04375
0 0.7239583333333334 0.79140625 0.020833333333333332 0.0421875
0 0.37916666666666665 0.78359375 0.03125 0.034375
0 0.20833333333333334 0.77421875 0.035416666666666666 0.040625