0 0.46171875 0.4203747072599532 0.1671875 0.4168618266978923
0 0.64609375 0.4859484777517564 0.059375 0.2927400468384075
0 0.75078125 0.550351288056206 0.025 0.10070257611241218
0 0.8125 0.5714285714285714 0.0375 0.09133489461358314
0 0.86640625 0.4847775175644028 0.0859375 0.26229508196721313
0 0.9140625 0.5737704918032787 0.0375 0.08430913348946135
0 0.93359375 0.5690866510538641 0.053125 0.08665105386416862
0 0.38359375 0.5281030444964872 0.096875 0.3770491803278688
0 0.7125 0.5035128805620609 0.0515625 0.13817330210772832
0 0.328125 0.572599531615925 0.028125 0.11943793911007025
0 0.109375 0.5843091334894613 0.0515625 0.07962529274004684
0 0.06171875 0.5714285714285714 0.0390625 0.1053864168618267
0 0.2921875 0.5690866510538641 0.0296875 0.13348946135831383