0 0.8 0.5491803278688525 0.1046875 0.3559718969555035
0 0.5171875 0.46252927400468385 0.0625 0.2154566744730679
0 0.340625 0.4566744730679157 0.0578125 0.20843091334894615
0 0.0859375 0.5456674473067916 0.125 0.40046838407494145
0 0.6328125 0.46252927400468385 0.053125 0.13817330210772832
0 0.24140625 0.4203747072599532 0.025 0.11943793911007025
0 0.20078125 0.40866510538641687 0.0203125 0.09836065573770492
0 0.21875 0.4262295081967213 0.021875 0.11007025761124122
0 0.4234375 0.43559718969555034 0.03125 0.1451990632318501
0 0.453125 0.43911007025761123 0.034375 0.14988290398126464
0 0.1453125 0.45901639344262296 0.040625 0.18266978922716628
0 0.1671875 0.4063231850117096 0.015625 0.1053864168618267
0 0.26328125 0.3875878220140515 0.0140625 0.07259953161592506
