0 0.29375 0.34375 0.0421875 0.16875
0 0.88828125 0.29791666666666666 0.1125 0.1
0 0.1015625 0.3072916666666667 0.0484375 0.0875
0 0.10859375 0.35208333333333336 0.0421875 0.1
0 0.6921875 0.32395833333333335 0.0421875 0.058333333333333334
0 0.321875 0.35 0.0328125 0.15416666666666667
0 0.19765625 0.35625 0.0703125 0.11666666666666667
0 0.521875 0.33541666666666664 0.0328125 0.08125
0 0.4984375 0.3333333333333333 0.034375 0.08125
0 0.3765625 0.328125 0.0359375 0.14375
0 0.425 0.3385416666666667 0.009375 0.07083333333333333
0 0.14921875 0.340625 0.028125 0.12291666666666666
0 0.23359375 0.3416666666666667 0.040625 0.11458333333333333
