0 0.921 0.5037593984962406 0.158 0.9348370927318296
0 0.831 0.18671679197994986 0.102 0.2756892230576441
0 0.703 0.11027568922305764 0.19 0.21303258145363407
0 0.605 0.16541353383458646 0.188 0.2832080200501253
0 0.475 0.2644110275689223 0.216 0.49122807017543857
0 0.36 0.24937343358395989 0.104 0.3358395989974937
0 0.274 0.10526315789473684 0.144 0.20300751879699247
0 0.743 0.20802005012531327 0.134 0.21553884711779447
0 0.086 0.38596491228070173 0.17 0.5639097744360902
0 0.727 0.39598997493734334 0.322 0.39849624060150374
0 0.351 0.5350877192982456 0.22 0.49122807017543857
0 0.063 0.12531328320802004 0.126 0.22807017543859648
0 0.211 0.39598997493734334 0.192 0.518796992481203