0 0.154 0.6741741741741741 0.048 0.12312312312312312
0 0.622 0.5330330330330331 0.348 0.8318318318318318
0 0.951 0.6651651651651652 0.054 0.12312312312312312
0 0.201 0.6756756756756757 0.046 0.11711711711711711
0 0.892 0.6756756756756757 0.064 0.10510510510510511
0 0.833 0.6696696696696697 0.04 0.08108108108108109
0 0.548 0.6321321321321322 0.072 0.1981981981981982
0 0.484 0.6711711711711712 0.046 0.11411411411411411
0 0.429 0.6696696696696697 0.054 0.11411411411411411
0 0.388 0.6711711711711712 0.032 0.1021021021021021
0 0.252 0.6771771771771772 0.05 0.1021021021021021
0 0.285 0.6366366366366366 0.046 0.06006006006006006
0 0.924 0.6516516516516516 0.024 0.07807807807807808