0 0.10390625 0.7202572347266881 0.1015625 0.5498392282958199
0 0.16875 0.3954983922829582 0.0796875 0.42443729903536975
0 0.4484375 0.3987138263665595 0.096875 0.42443729903536975
0 0.84765625 0.41318327974276525 0.1078125 0.42443729903536975
0 0.70078125 0.18971061093247588 0.0796875 0.2958199356913183
0 0.9515625 0.5884244372990354 0.0953125 0.77491961414791
0 0.40078125 0.19131832797427653 0.078125 0.29260450160771706
0 0.8046875 0.8247588424437299 0.1625 0.3504823151125402
0 0.7921875 0.7106109324758842 0.146875 0.5498392282958199
0 0.90859375 0.7202572347266881 0.125 0.5305466237942122
0 0.74453125 0.4919614147909968 0.1 0.6012861736334405
0 0.36875 0.387459807073955 0.096875 0.3987138263665595
0 0.68828125 0.6382636655948553 0.10625 0.4405144694533762