0 0.44375 0.3485915492957746 0.0546875 0.10328638497652583
0 0.69375 0.2887323943661972 0.0890625 0.3192488262910798
0 0.63203125 0.36619718309859156 0.0734375 0.1572769953051643
0 0.0014461796875 0.001281849765258216 0.00023264218749999998 0.0006119272300469484
0 0.63359375 0.20774647887323944 0.0171875 0.07746478873239436
0 0.65078125 0.21948356807511737 0.0140625 0.07042253521126761
0 0.23828125 0.19131455399061034 0.0125 0.05868544600938967
0 0.38203125 0.21009389671361503 0.0265625 0.12441314553990611
0 0.43046875 0.2112676056338028 0.021875 0.046948356807511735
0 0.50546875 0.38028169014084506 0.1390625 0.107981220657277
0 0.58984375 0.20187793427230047 0.015625 0.07276995305164319
0 0.06328125 0.2147887323943662 0.0265625 0.13145539906103287
0 0.85078125 0.20187793427230047 0.0140625 0.05868544600938967