0 0.536 0.7507462686567165 0.11 0.49850746268656715
0 0.151 0.2716417910447761 0.116 0.25970149253731345
0 0.491 0.22388059701492538 0.106 0.11343283582089553
0 0.071 0.08507462686567165 0.052 0.14925373134328357
0 0.936 0.1253731343283582 0.068 0.0955223880597015
0 0.635 0.2507462686567164 0.068 0.10149253731343283
0 0.575 0.06417910447761194 0.068 0.12835820895522387
0 0.966 0.19552238805970149 0.068 0.1253731343283582
0 0.825 0.26417910447761195 0.082 0.10149253731343283
0 0.841 0.1044776119402985 0.068 0.11940298507462686
0 0.026 0.09104477611940298 0.052 0.15223880597014924
0 0.472 0.07014925373134329 0.062 0.09253731343283582
0 0.375 0.16567164179104477 0.06 0.11641791044776119
