0 0.6625 0.71875 0.20277777777777778 0.35
0 0.525 0.62734375 0.14166666666666666 0.209375
0 0.2611111111111111 0.61953125 0.13055555555555556 0.171875
0 0.9194444444444444 0.575 0.041666666666666664 0.06875
0 0.6069444444444444 0.60625 0.09166666666666666 0.171875
0 0.7611111111111111 0.57734375 0.06666666666666667 0.0703125
0 0.2 0.5828125 0.05555555555555555 0.103125
0 0.8180555555555555 0.5734375 0.06388888888888888 0.0703125
0 0.8680555555555556 0.571875 0.027777777777777776 0.053125
0 0.8958333333333334 0.56953125 0.027777777777777776 0.0546875
0 0.39444444444444443 0.58671875 0.044444444444444446 0.0953125
0 0.7833333333333333 0.56640625 0.030555555555555555 0.05
