0 0.25625 0.45433255269320844 0.109375 0.3981264637002342
0 0.2796875 0.22014051522248243 0.0390625 0.09601873536299765
0 0.5171875 0.26346604215456676 0.0875 0.2927400468384075
0 0.59296875 0.2775175644028103 0.0734375 0.3044496487119438
0 0.70703125 0.34543325526932084 0.08125 0.2505854800936768
0 0.6828125 0.6569086651053864 0.1203125 0.4168618266978923
0 0.9140625 0.5433255269320844 0.115625 0.40046838407494145
0 0.20625 0.16042154566744732 0.021875 0.03044496487119438
0 0.25234375 0.1557377049180328 0.009375 0.04215456674473068
0 0.2953125 0.148711943793911 0.009375 0.02810304449648712
