0 0.425 0.4479166666666667 0.0515625 0.28958333333333336
0 0.35703125 0.7479166666666667 0.1234375 0.5041666666666667
0 0.5078125 0.43020833333333336 0.0828125 0.28958333333333336
0 0.001511353125 0.0009277125 0.0001022953125 0.0005730458333333333
0 0.5984375 0.36041666666666666 0.034375 0.06458333333333334
0 0.61328125 0.25833333333333336 0.05625 0.12916666666666668
0 0.596875 0.28854166666666664 0.0390625 0.08541666666666667
0 0.534375 0.2864583333333333 0.046875 0.09375
0 0.49921875 0.25 0.0375 0.09166666666666666
0 0.51640625 0.18333333333333332 0.0375 0.11458333333333333
0 0.9109375 0.33645833333333336 0.0421875 0.1
0 0.87265625 0.328125 0.0453125 0.11666666666666667
0 0.8234375 0.32708333333333334 0.05625 0.11458333333333333