0 0.4046875 0.6431924882629108 0.2421875 0.57981220657277
0 0.625 0.7488262910798122 0.4265625 0.5023474178403756
0 0.725 0.4072769953051643 0.14375 0.47417840375586856
0 0.49765625 0.36032863849765256 0.1296875 0.4460093896713615
0 0.34453125 0.357981220657277 0.1953125 0.539906103286385
0 0.853125 0.284037558685446 0.1359375 0.4694835680751174
0 0.590625 0.44366197183098594 0.184375 0.6596244131455399
0 0.1734375 0.5446009389671361 0.209375 0.5469483568075117
0 0.5453125 0.13849765258215962 0.0953125 0.2605633802816901
0 0.7140625 0.16666666666666666 0.140625 0.2652582159624413
