0 0.3430913348946136 0.5890625 0.6861826697892272 0.6296875
0 0.6651053864168618 0.21015625 0.09836065573770492 0.0890625
0 0.8290398126463701 0.26015625 0.0585480093676815 0.0390625
0 0.06206088992974239 0.24453125 0.12412177985948478 0.109375
0 0.5187353629976581 0.221875 0.09601873536299765 0.103125
0 0.4028103044496487 0.24140625 0.17096018735362997 0.10625
0 0.6217798594847775 0.15390625 0.08196721311475409 0.1
0 0.5913348946135831 0.21875 0.05152224824355972 0.059375
0 0.5761124121779859 0.265625 0.06791569086651054 0.0421875
0 0.7587822014051522 0.221875 0.08665105386416862 0.078125
0 0.7177985948477752 0.25859375 0.053864168618266976 0.040625
0 0.8887587822014051 0.225 0.117096018735363 0.09375
0 0.09250585480093677 0.234375 0.09836065573770492 0.0671875