0 0.32109375 0.45729166666666665 0.2171875 0.49583333333333335
0 0.43984375 0.346875 0.1546875 0.30833333333333335
0 0.815625 0.1875 0.0484375 0.10833333333333334
0 0.15 0.315625 0.04375 0.075
0 0.13125 0.2989583333333333 0.0296875 0.10625
0 0.2375 0.2625 0.05 0.08125
0 0.21015625 0.31145833333333334 0.040625 0.07916666666666666
0 0.203125 0.27395833333333336 0.03125 0.07916666666666666
0 0.15859375 0.271875 0.0421875 0.1
0 0.0609375 0.3177083333333333 0.0296875 0.07916666666666666
0 0.0171875 0.31979166666666664 0.0328125 0.07083333333333333
0 0.88046875 0.35 0.0546875 0.09166666666666666
0 0.021875 0.296875 0.0421875 0.075