0 0.801 0.36743515850144093 0.16 0.5072046109510087
0 0.506 0.4510086455331412 0.164 0.6080691642651297
0 0.233 0.4423631123919308 0.172 0.5706051873198847
0 0.671 0.29827089337175794 0.046 0.1844380403458213
0 0.438 0.29394812680115273 0.056 0.14985590778097982
0 0.597 0.24639769452449567 0.022 0.08645533141210375
0 0.578 0.23919308357348704 0.028 0.10086455331412104
0 0.119 0.35014409221902015 0.078 0.1988472622478386
0 0.562 0.21757925072046108 0.026 0.08645533141210375
0 0.351 0.30835734870317005 0.02 0.14697406340057637
0 0.305 0.41210374639769454 0.12 0.40634005763688763