0 0.4421875 0.7333333333333333 0.15625 0.50625
0 0.6015625 0.74375 0.171875 0.5125
0 0.02734375 0.5833333333333334 0.0125 0.05416666666666667
0 0.0203125 0.59375 0.03125 0.075
0 0.23671875 0.578125 0.0171875 0.07083333333333333
0 0.09375 0.590625 0.015625 0.06666666666666667
0 0.209375 0.58125 0.021875 0.05625
0 0.221875 0.5739583333333333 0.0171875 0.07708333333333334
0 0.92421875 0.571875 0.015625 0.06875
0 0.9921875 0.49583333333333335 0.00625 0.029166666666666667
0 0.18828125 0.5833333333333334 0.01875 0.05625
0 0.2921875 0.5645833333333333 0.0125 0.05625
0 0.10546875 0.5885416666666666 0.01875 0.06041666666666667
