0 0.55078125 0.43640350877192985 0.15 0.34868421052631576
0 0.578125 0.4418859649122807 0.0859375 0.27850877192982454
0 0.22265625 0.42653508771929827 0.103125 0.3048245614035088
0 0.92109375 0.48464912280701755 0.1578125 0.3815789473684211
0 0.43984375 0.3607456140350877 0.0390625 0.16228070175438597
0 0.33828125 0.27631578947368424 0.0625 0.14912280701754385
0 0.7703125 0.40899122807017546 0.08125 0.24561403508771928
0 0.5828125 0.3333333333333333 0.0265625 0.05921052631578947
0 0.94140625 0.3651315789473684 0.0578125 0.14912280701754385
0 0.6078125 0.3717105263157895 0.0453125 0.19298245614035087
0 0.56484375 0.2993421052631579 0.015625 0.013157894736842105
0 0.7203125 0.6206140350877193 0.2 0.7017543859649122