0 0.50703125 0.5046838407494145 0.2296875 0.6416861826697893
0 0.74375 0.4964871194379391 0.1328125 0.5245901639344263
0 0.35703125 0.8969555035128806 0.2609375 0.20608899297423888
0 0.09140625 0.3583138173302108 0.1796875 0.5245901639344263
0 0.3484375 0.2529274004683841 0.16875 0.33021077283372363
0 0.37265625 0.3114754098360656 0.1359375 0.2997658079625293
0 0.44296875 0.22131147540983606 0.0734375 0.20608899297423888
0 0.47109375 0.10772833723653395 0.0484375 0.1451990632318501
0 0.0014266484375 0.0006789110070257612 0.00027170468749999996 0.0010736088992974238
0 0.24375 0.19320843091334894 0.090625 0.24824355971896955
0 0.54296875 0.1791569086651054 0.13125 0.27634660421545665
0 0.85234375 0.32201405152224827 0.25 0.4332552693208431
0 0.86640625 0.10187353629976581 0.1453125 0.20374707259953162
