0 0.7234375 0.34543325526932084 0.096875 0.13348946135831383
0 0.0625 0.22833723653395785 0.05 0.11475409836065574
0 0.10234375 0.15456674473067916 0.0859375 0.19437939110070257
0 0.19140625 0.3185011709601874 0.075 0.07259953161592506
0 0.31640625 0.15807962529274006 0.0765625 0.2107728337236534
0 0.25234375 0.5761124121779859 0.3140625 0.8032786885245902
0 0.57265625 0.5269320843091335 0.0984375 0.5035128805620609
0 0.5375 0.2540983606557377 0.065625 0.1686182669789227
0 0.59453125 0.23770491803278687 0.0546875 0.09836065573770492
0 0.0953125 0.319672131147541 0.053125 0.07494145199063232
0 0.6703125 0.2611241217798595 0.0578125 0.1522248243559719
0 0.19375 0.23653395784543327 0.0859375 0.20140515222482436
0 0.09921875 0.27400468384074944 0.1109375 0.16627634660421545