0 0.9096244131455399 0.74609375 0.1807511737089202 0.353125
0 0.613849765258216 0.453125 0.12910798122065728 0.2671875
0 0.7136150234741784 0.4515625 0.12206572769953052 0.278125
0 0.7946009389671361 0.4421875 0.11267605633802817 0.29375
0 0.92018779342723 0.453125 0.12441314553990611 0.3078125
0 0.1056338028169014 0.7125 0.107981220657277 0.1859375
0 0.03286384976525822 0.609375 0.06103286384976526 0.1046875
0 0.029342723004694836 0.68046875 0.05868544600938967 0.2578125
0 0.44835680751173707 0.4796875 0.23708920187793428 0.2453125
0 0.26173708920187794 0.61015625 0.056338028169014086 0.0578125
0 0.31690140845070425 0.6171875 0.0539906103286385 0.0578125
0 0.11150234741784038 0.61171875 0.1056338028169014 0.1125
0 0.8286384976525821 0.69453125 0.056338028169014086 0.0484375