0 0.6147540983606558 0.5625 0.7704918032786885 0.8515625
0 0.2646370023419204 0.4890625 0.3044496487119438 0.5921875
0 0.36885245901639346 0.2078125 0.08430913348946135 0.0890625
0 0.3255269320843091 0.0921875 0.21311475409836064 0.1828125
0 0.20023419203747073 0.1078125 0.11475409836065574 0.1765625
0 0.09016393442622951 0.3078125 0.17330210772833723 0.165625
0 0.7646370023419203 0.2859375 0.1920374707259953 0.18125
0 0.04332552693208431 0.271875 0.08665105386416862 0.1375
0 0.14754098360655737 0.21796875 0.09836065573770492 0.071875
0 0.002144887587822014 0.00069190625 0.0003940679156908665 0.0006317625000000001
0 0.4297423887587822 0.28828125 0.11241217798594848 0.0875
0 0.8723653395784543 0.12734375 0.17330210772833723 0.221875
0 0.8840749414519906 0.2578125 0.10070257611241218 0.121875