0 0.825 0.7429245283018868 0.05625 0.2099056603773585
0 0.89765625 0.7511792452830188 0.0515625 0.2028301886792453
0 0.1359375 0.7971698113207547 0.0546875 0.22169811320754718
0 0.77421875 0.6025943396226415 0.0515625 0.15566037735849056
0 0.30625 0.32193396226415094 0.025 0.08726415094339622
0 0.3421875 0.30660377358490565 0.0140625 0.07783018867924528
0 0.32578125 0.2783018867924528 0.0203125 0.0589622641509434
0 0.340625 0.25825471698113206 0.0125 0.03537735849056604
0 0.3125 0.2617924528301887 0.0171875 0.03537735849056604
0 0.33671875 0.2205188679245283 0.0125 0.04716981132075472
0 0.35 0.24646226415094338 0.009375 0.05660377358490566
0 0.3484375 0.21816037735849056 0.009375 0.04245283018867924
0 0.36328125 0.20636792452830188 0.009375 0.04245283018867924
