0 0.359375 0.3755274261603376 0.5359375 0.6012658227848101
0 0.83671875 0.5632911392405063 0.2234375 0.5232067510548524
0 0.68046875 0.46729957805907174 0.128125 0.4029535864978903
0 0.8796875 0.31645569620253167 0.028125 0.07172995780590717
0 0.95 0.36075949367088606 0.05625 0.1518987341772152
0 0.93203125 0.290084388185654 0.01875 0.046413502109704644
0 0.43828125 0.4778481012658228 0.0890625 0.2721518987341772
0 0.909375 0.34282700421940926 0.0359375 0.1540084388185654
0 0.98046875 0.310126582278481 0.0359375 0.09071729957805907
0 0.8578125 0.3027426160337553 0.021875 0.05485232067510549
0 0.53671875 0.5073839662447257 0.0484375 0.16244725738396623
0 0.809375 0.3048523206751055 0.065625 0.08227848101265822
0 0.8484375 0.41244725738396626 0.071875 0.14135021097046413