0 0.5541666666666667 0.42265625 0.21458333333333332 0.40625
0 0.603125 0.26640625 0.07916666666666666 0.13125
0 0.7510416666666667 0.13828125 0.08125 0.10625
0 0.32395833333333335 0.13984375 0.09166666666666666 0.1046875
0 0.39791666666666664 0.13984375 0.07291666666666667 0.103125
0 0.46458333333333335 0.09765625 0.07291666666666667 0.090625
0 0.6791666666666667 0.13359375 0.08125 0.109375
0 0.534375 0.1515625 0.06666666666666667 0.0828125
0 0.8947916666666667 0.13671875 0.075 0.0984375
0 0.60625 0.0828125 0.07708333333333334 0.071875
0 0.11666666666666667 0.14765625 0.08958333333333333 0.0984375
0 0.8270833333333333 0.13515625 0.08958333333333333 0.1140625
0 0.2552083333333333 0.1421875 0.09583333333333334 0.1046875