0 0.3185011709601874 0.50625 0.2459016393442623 0.503125
0 0.7107728337236534 0.5375 0.10772833723653395 0.2390625
0 0.9074941451990632 0.55234375 0.11241217798594848 0.1984375
0 0.10655737704918032 0.51953125 0.1756440281030445 0.3390625
0 0.4929742388758782 0.546875 0.07259953161592506 0.1203125
0 0.5772833723653396 0.5515625 0.03747072599531616 0.0953125
0 0.25526932084309134 0.51328125 0.1592505854800937 0.3546875
0 0.5538641686182669 0.55 0.03747072599531616 0.08125
0 0.8149882903981265 0.553125 0.0585480093676815 0.0875
0 0.6451990632318502 0.55703125 0.0468384074941452 0.0953125
0 0.4297423887587822 0.55234375 0.03747072599531616 0.0765625