0 0.5104408352668214 0.40390625 0.4709976798143852 0.228125
0 0.10092807424593968 0.58671875 0.02320185614849188 0.0203125
0 0.6624129930394431 0.49140625 0.02088167053364269 0.0484375
0 0.6809744779582366 0.478125 0.037122969837587005 0.0828125
0 0.6310904872389791 0.475 0.03944315545243619 0.05625
0 0.8955916473317865 0.55078125 0.048723897911832945 0.065625
0 0.7575406032482599 0.5234375 0.016241299303944315 0.01875
0 0.05336426914153132 0.57734375 0.04408352668213457 0.025
0 0.12296983758700696 0.58125 0.03248259860788863 0.021875
0 0.16125290023201855 0.57421875 0.05104408352668213 0.01875
0 0.3004640371229698 0.50703125 0.06264501160092807 0.0671875
0 0.1368909512761021 0.5734375 0.016241299303944315 0.015625
0 0.1740139211136891 0.56875 0.018561484918793503 0.015625
