0 0.51484375 0.5657276995305164 0.08125 0.24413145539906103
0 0.5484375 0.5586854460093896 0.084375 0.2347417840375587
0 0.0008109500000000001 0.002077823943661972 0.000167553125 0.0005391901408450705
0 0.85078125 0.8345070422535211 0.2 0.30985915492957744
0 0.9609375 0.886150234741784 0.0765625 0.22769953051643194
0 0.275 0.39906103286384975 0.0234375 0.05868544600938967
0 0.1609375 0.34624413145539906 0.0265625 0.0539906103286385
0 0.5109375 0.41901408450704225 0.03125 0.04929577464788732
0 0.1 0.8873239436619719 0.178125 0.22535211267605634
0 0.32109375 0.40492957746478875 0.0515625 0.06807511737089202
0 0.33984375 0.4213615023474178 0.0328125 0.046948356807511735
0 0.70546875 0.926056338028169 0.084375 0.14788732394366197
0 0.36953125 0.42488262910798125 0.028125 0.04225352112676056
