0 0.7166666666666667 0.81640625 0.016666666666666666 0.0375
0 0.6447916666666667 0.815625 0.016666666666666666 0.0375
0 0.8302083333333333 0.81796875 0.041666666666666664 0.053125
0 0.6885416666666667 0.81484375 0.016666666666666666 0.0421875
0 0.675 0.80234375 0.010416666666666666 0.0140625
0 0.8489583333333334 0.8125 0.008333333333333333 0.021875
0 0.634375 0.8125 0.00625 0.025
0 0.6270833333333333 0.8109375 0.010416666666666666 0.0234375
0 0.771875 0.79921875 0.0125 0.0125
0 0.90625 0.80703125 0.004166666666666667 0.0078125
