0 0.40234375 0.5388026607538803 0.2796875 0.7073170731707317
0 0.621875 0.6740576496674058 0.159375 0.4501108647450111
0 0.82109375 0.6108647450110865 0.33125 0.7560975609756098
0 0.2734375 0.6319290465631929 0.159375 0.516629711751663
0 0.6828125 0.7560975609756098 0.0234375 0.04878048780487805
0 0.54921875 0.7971175166297118 0.0203125 0.026607538802660754
0 0.82734375 0.5077605321507761 0.3234375 0.9556541019955654
0 0.590625 0.8159645232815964 0.009375 0.026607538802660754
0 0.15859375 0.655210643015521 0.1140625 0.4434589800443459
0 0.10703125 0.7605321507760532 0.0359375 0.1662971175166297
