0 0.71875 0.8135416666666667 0.009375 0.03958333333333333
0 0.73046875 0.8145833333333333 0.009375 0.041666666666666664
0 0.9453125 0.828125 0.0140625 0.04375
0 0.33984375 0.821875 0.0140625 0.04791666666666667
0 0.090625 0.796875 0.009375 0.014583333333333334
0 0.10546875 0.8020833333333334 0.00625 0.041666666666666664
0 0.7734375 0.784375 0.00625 0.01875
0 0.178125 0.7989583333333333 0.0109375 0.0375
0 0.775 0.778125 0.003125 0.00625
0 0.50859375 0.953125 0.0546875 0.09375
0 0.9578125 0.7833333333333333 0.009375 0.027083333333333334
0 0.6046875 0.7416666666666667 0.0046875 0.016666666666666666
0 0.13046875 0.80625 0.0109375 0.03125