0 0.7078125 0.735981308411215 0.121875 0.5257009345794392
0 0.88359375 0.27453271028037385 0.1859375 0.35514018691588783
0 0.27421875 0.49883177570093457 0.2546875 0.8761682242990654
0 0.05234375 0.5023364485981309 0.1015625 0.9953271028037384
0 0.9453125 0.5642523364485982 0.1078125 0.8387850467289719
0 0.72265625 0.17523364485981308 0.0171875 0.03271028037383177
0 0.70546875 0.17873831775700935 0.0125 0.02336448598130841
0 0.978125 0.11448598130841121 0.04375 0.09579439252336448
0 0.65078125 0.1705607476635514 0.009375 0.03271028037383177
0 0.58125 0.16705607476635514 0.0375 0.035046728971962614
0 0.55703125 0.17289719626168223 0.0140625 0.03271028037383177
0 0.79921875 0.17873831775700935 0.0140625 0.03271028037383177