0 0.763 0.5029940119760479 0.472 0.9940119760479041
0 0.294 0.6062874251497006 0.13 0.38922155688622756
0 0.496 0.6077844311377245 0.138 0.4880239520958084
0 0.061 0.5883233532934131 0.09 0.39820359281437123
0 0.392 0.47904191616766467 0.068 0.17964071856287425
0 0.743 0.6197604790419161 0.07 0.36826347305389223
0 0.578 0.5643712574850299 0.072 0.36227544910179643
0 0.673 0.7140718562874252 0.09 0.2934131736526946
0 0.158 0.5374251497005988 0.034 0.15269461077844312
0 0.2 0.5389221556886228 0.032 0.16766467065868262
0 0.247 0.5718562874251497 0.088 0.3562874251497006