0 0.683 0.4084084084084084 0.634 0.8168168168168168
0 0.195 0.7852852852852853 0.076 0.2012012012012012
0 0.143 0.7927927927927928 0.036 0.15315315315315314
0 0.061 0.7792792792792793 0.074 0.2012012012012012
0 0.036 0.9114114114114115 0.072 0.13813813813813813
0 0.08 0.9264264264264265 0.066 0.12612612612612611
0 0.131 0.933933933933934 0.08 0.13213213213213212
0 0.413 0.9429429429429429 0.068 0.11411411411411411
0 0.196 0.9294294294294294 0.092 0.13813813813813813
0 0.365 0.93993993993994 0.072 0.12012012012012012
0 0.326 0.9294294294294294 0.068 0.14114114114114115
0 0.771 0.9429429429429429 0.102 0.11411411411411411