0 0.382 0.936 0.056 0.12533333333333332
0 0.425 0.9026666666666666 0.044 0.11733333333333333
0 0.49 0.8866666666666667 0.014 0.05333333333333334
0 0.521 0.8746666666666667 0.02 0.048
0 0.538 0.8773333333333333 0.026 0.042666666666666665
0 0.559 0.8773333333333333 0.022 0.034666666666666665
0 0.133 0.8826666666666667 0.026 0.05333333333333334
0 0.453 0.876 0.014 0.024
0 0.501 0.86 0.016 0.034666666666666665
0 0.244 0.9053333333333333 0.038 0.12266666666666666
0 0.457 0.9426666666666667 0.09 0.112
0 0.128 0.8666666666666667 0.014 0.024
0 0.47 0.892 0.03 0.06666666666666667
