0 0.616 0.5105540897097626 0.25 0.6279683377308707
0 0.437 0.15435356200527706 0.14 0.25857519788918204
0 0.395 0.5052770448548812 0.314 0.6596306068601583
0 0.721 0.15435356200527706 0.152 0.20844327176781002
0 0.852 0.1424802110817942 0.128 0.22427440633245382
0 0.701 0.05672823218997362 0.136 0.11081794195250659
0 0.568 0.06068601583113457 0.15 0.12137203166226913
0 0.443 0.05804749340369393 0.124 0.11609498680738786
0 0.312 0.09498680738786279 0.134 0.1820580474934037
0 0.471 0.5963060686015831 0.154 0.2717678100263852
0 0.564 0.1424802110817942 0.144 0.22691292875989447
0 0.353 0.7361477572559367 0.054 0.18997361477572558
