0 0.58046875 0.6544811320754716 0.2359375 0.6674528301886793
0 0.075 0.2641509433962264 0.0421875 0.12735849056603774
0 0.628125 0.2971698113207547 0.04375 0.16273584905660377
0 0.3234375 0.2794811320754717 0.0390625 0.12028301886792453
0 0.5171875 0.2783018867924528 0.0375 0.12971698113207547
0 0.80703125 0.28537735849056606 0.0453125 0.14622641509433962
0 0.95 0.29127358490566035 0.0265625 0.11556603773584906
0 0.77109375 0.30306603773584906 0.0328125 0.1509433962264151
0 0.7234375 0.27712264150943394 0.0328125 0.125
0 0.03359375 0.2606132075471698 0.0453125 0.15330188679245282
0 0.19375 0.27004716981132076 0.028125 0.125
0 0.43203125 0.2535377358490566 0.046875 0.06367924528301887
0 0.38125 0.2641509433962264 0.021875 0.12264150943396226