0 0.64375 0.81640625 0.03958333333333333 0.10625
0 0.9447916666666667 0.8078125 0.06875 0.1625
0 0.5604166666666667 0.81640625 0.058333333333333334 0.103125
0 0.6208333333333333 0.8140625 0.029166666666666667 0.115625
0 0.7458333333333333 0.8125 0.06458333333333334 0.115625
0 0.41354166666666664 0.846875 0.035416666666666666 0.04375
0 0.01875 0.86875 0.0375 0.0890625
0 0.8052083333333333 0.83359375 0.07708333333333334 0.0671875
0 0.63125 0.77265625 0.010416666666666666 0.015625
0 0.5927083333333333 0.8234375 0.041666666666666664 0.09375
0 0.4083333333333333 0.815625 0.027083333333333334 0.0671875
0 0.8375 0.8140625 0.020833333333333332 0.034375