0 0.6380510440835266 0.5703125 0.058004640371229696 0.0796875
0 0.6334106728538283 0.52421875 0.04640371229698376 0.0296875
0 0.5928074245939675 0.459375 0.048723897911832945 0.059375
0 0.41067285382830626 0.553125 0.05568445475638051 0.0734375
0 0.48491879350348027 0.69140625 0.0765661252900232 0.0453125
0 0.4953596287703016 0.8640625 0.10904872389791183 0.1234375
0 0.4234338747099768 0.66875 0.07888631090487239 0.09375
0 0.38167053364269143 0.6359375 0.0765661252900232 0.0765625
0 0.34106728538283065 0.46015625 0.04640371229698376 0.0265625
0 0.3677494199535963 0.4359375 0.03944315545243619 0.0296875
0 0.39791183294663574 0.453125 0.03944315545243619 0.0296875
0 0.7911832946635731 0.746875 0.0951276102088167 0.1171875
0 0.3468677494199536 0.603125 0.060324825986078884 0.06875