0 0.35078125 0.6779859484777517 0.003125 0.01405152224824356
0 0.5234375 0.6873536299765808 0.01875 0.10304449648711944
0 0.11953125 0.702576112412178 0.009375 0.04918032786885246
0 0.128125 0.7049180327868853 0.0109375 0.04918032786885246
0 0.3921875 0.6779859484777517 0.0078125 0.02810304449648712
0 0.384375 0.6733021077283372 0.00625 0.02107728337236534
0 0.19296875 0.6850117096018735 0.01875 0.03044496487119438
0 0.69921875 0.6475409836065574 0.00625 0.02810304449648712
0 0.61328125 0.6627634660421545 0.0234375 0.08899297423887588
0 0.6390625 0.6533957845433255 0.0046875 0.02107728337236534
0 0.07265625 0.6967213114754098 0.0078125 0.0234192037470726
0 0.56015625 0.6604215456674473 0.0078125 0.02107728337236534
0 0.09453125 0.7084309133489461 0.01875 0.08196721311475409