0 0.2921875 0.5114583333333333 0.1 0.19375
0 0.25390625 0.43645833333333334 0.0453125 0.08125
0 0.2234375 0.5197916666666667 0.0828125 0.19166666666666668
0 0.13046875 0.4666666666666667 0.065625 0.09166666666666666
0 0.42578125 0.36354166666666665 0.0453125 0.10208333333333333
0 0.4703125 0.36875 0.021875 0.041666666666666664
0 0.50625 0.3875 0.03125 0.052083333333333336
0 0.52890625 0.3729166666666667 0.05 0.14166666666666666
0 0.68203125 0.359375 0.05625 0.08333333333333333
0 0.49375 0.35625 0.0296875 0.05
0 0.96875 0.33229166666666665 0.040625 0.14791666666666667
0 0.3375 0.5177083333333333 0.065625 0.07916666666666666
0 0.6171875 0.3875 0.046875 0.13125
