0 0.6505882352941177 0.8546875 0.14823529411764705 0.16875
0 0.8447058823529412 0.67421875 0.042352941176470586 0.1
0 0.7964705882352942 0.6359375 0.018823529411764704 0.0390625
0 0.7752941176470588 0.6265625 0.02588235294117647 0.0375
0 0.5247058823529411 0.86171875 0.1223529411764706 0.1859375
0 0.7211764705882353 0.62109375 0.009411764705882352 0.0125
0 0.731764705882353 0.64609375 0.01647058823529412 0.0359375
0 0.12352941176470589 0.6578125 0.0611764705882353 0.0390625
0 0.17176470588235293 0.66796875 0.04941176470588235 0.0390625
0 0.8705882352941177 0.659375 0.023529411764705882 0.0625
0 0.9188235294117647 0.63671875 0.021176470588235293 0.0328125
0 0.8835294117647059 0.7234375 0.08941176470588236 0.053125
0 0.07176470588235294 0.63984375 0.05411764705882353 0.103125
