0 0.76953125 0.4677777777777778 0.1953125 0.8555555555555555
0 0.0234375 0.12222222222222222 0.046875 0.16444444444444445
0 0.31171875 0.04555555555555556 0.025 0.06444444444444444
0 0.24609375 0.10444444444444445 0.040625 0.14666666666666667
0 0.71171875 0.08777777777777777 0.028125 0.12
0 0.72421875 0.04777777777777778 0.0203125 0.044444444444444446
0 0.81171875 0.057777777777777775 0.0203125 0.06222222222222222
0 0.90390625 0.04888888888888889 0.01875 0.042222222222222223
0 0.86328125 0.051111111111111114 0.0234375 0.04666666666666667
0 0.2578125 0.03111111111111111 0.0109375 0.022222222222222223
0 0.24765625 0.02 0.0140625 0.022222222222222223
0 0.35390625 0.04777777777777778 0.01875 0.057777777777777775
0 0.88203125 0.03222222222222222 0.0140625 0.02