0 0.3009367681498829 0.571875 0.15456674473067916 0.3296875
0 0.6451990632318502 0.575 0.14285714285714285 0.290625
0 0.7693208430913349 0.459375 0.04918032786885246 0.0703125
0 0.2786885245901639 0.3171875 0.03747072599531616 0.0453125
0 0.3793911007025761 0.2984375 0.0234192037470726 0.03125
0 0.7002341920374707 0.30234375 0.03747072599531616 0.028125
0 0.45901639344262296 0.47109375 0.053864168618266976 0.1109375
0 0.5046838407494145 0.47265625 0.03981264637002342 0.0984375
0 0.8231850117096019 0.2984375 0.03044496487119438 0.0359375
0 0.7892271662763466 0.4546875 0.03044496487119438 0.059375
0 0.319672131147541 0.315625 0.02107728337236534 0.0453125