0 0.6140625 0.540625 0.075 0.24375
0 0.20390625 0.46041666666666664 0.0765625 0.16875
0 0.2390625 0.45625 0.0515625 0.175
0 0.28515625 0.4708333333333333 0.059375 0.17708333333333334
0 0.3984375 0.49895833333333334 0.040625 0.15208333333333332
0 0.33203125 0.4791666666666667 0.0484375 0.12291666666666666
0 0.37421875 0.48125 0.05 0.18958333333333333
0 0.78359375 0.5270833333333333 0.159375 0.21875
0 0.553125 0.5239583333333333 0.0625 0.26875
0 0.17109375 0.45416666666666666 0.040625 0.15833333333333333
0 0.33828125 0.42604166666666665 0.05625 0.09583333333333334
