0 0.38046875 0.2934272300469484 0.5390625 0.4812206572769953
0 0.61953125 0.9143192488262911 0.0109375 0.06103286384976526
0 0.60390625 0.9237089201877934 0.021875 0.06338028169014084
0 0.475 0.9190140845070423 0.0203125 0.05868544600938967
0 0.4140625 0.7617370892018779 0.021875 0.056338028169014086
0 0.48984375 0.7582159624413145 0.00625 0.01643192488262911
0 0.5453125 0.7570422535211268 0.0109375 0.023474178403755867
0 0.5734375 0.7570422535211268 0.0140625 0.025821596244131457
0 0.7078125 0.8685446009389671 0.0125 0.03755868544600939
0 0.67265625 0.9096244131455399 0.009375 0.05868544600938967
0 0.55703125 0.9225352112676056 0.0078125 0.051643192488262914
0 0.45078125 0.9084507042253521 0.0125 0.03990610328638498
0 0.3546875 0.755868544600939 0.0171875 0.03051643192488263