0 0.68046875 0.34345794392523366 0.028125 0.0794392523364486
0 0.7703125 0.3446261682242991 0.0265625 0.03271028037383177
0 0.43984375 0.3352803738317757 0.028125 0.04439252336448598
0 0.38515625 0.3317757009345794 0.025 0.0514018691588785
0 0.34296875 0.33060747663551404 0.01875 0.04205607476635514
0 0.6515625 0.34813084112149534 0.0265625 0.07710280373831775
0 0.86328125 0.3399532710280374 0.0375 0.04439252336448598
0 0.81015625 0.32710280373831774 0.021875 0.05841121495327103
0 0.7046875 0.3399532710280374 0.0265625 0.037383177570093455
0 0.75546875 0.3446261682242991 0.0140625 0.02102803738317757
0 0.97890625 0.3422897196261682 0.015625 0.037383177570093455
0 0.04609375 0.34345794392523366 0.03125 0.04205607476635514
0 0.79375 0.33761682242990654 0.021875 0.035046728971962614