0 0.4796875 0.9158415841584159 0.046875 0.16336633663366337
0 0.38359375 0.9282178217821783 0.0390625 0.14356435643564355
0 0.15 0.8564356435643564 0.0515625 0.16831683168316833
0 0.20625 0.6608910891089109 0.0375 0.08415841584158416
0 0.165625 0.6955445544554455 0.0328125 0.08415841584158416
0 0.2609375 0.6955445544554455 0.021875 0.1311881188118812
0 0.33125 0.6844059405940595 0.0296875 0.12128712871287128
0 0.3578125 0.7376237623762376 0.0421875 0.19801980198019803
0 0.40546875 0.629950495049505 0.0234375 0.07920792079207921
0 0.42734375 0.7561881188118812 0.0484375 0.1188118811881188
0 0.396875 0.75 0.0328125 0.11386138613861387
0 0.55078125 0.7673267326732673 0.034375 0.11386138613861387
0 0.51015625 0.7512376237623762 0.053125 0.09405940594059406
