0 0.12265625 0.5105633802816901 0.090625 0.34507042253521125
0 0.59609375 0.5082159624413145 0.0859375 0.32629107981220656
0 0.54921875 0.539906103286385 0.0734375 0.19248826291079812
0 0.0828125 0.5223004694835681 0.11875 0.3544600938967136
0 0.6578125 0.545774647887324 0.065625 0.17136150234741784
0 0.9203125 0.5715962441314554 0.025 0.12441314553990611
0 0.97265625 0.5586854460093896 0.0546875 0.15258215962441316
0 0.49765625 0.5610328638497653 0.0203125 0.07276995305164319
0 0.7515625 0.5046948356807511 0.490625 0.9859154929577465
0 0.6515625 0.5845070422535211 0.08125 0.09389671361502347
0 0.70703125 0.534037558685446 0.0375 0.09859154929577464