0 0.68046875 0.8925233644859814 0.1109375 0.21495327102803738
0 0.540625 0.9158878504672897 0.1140625 0.16822429906542055
0 0.4765625 0.830607476635514 0.03125 0.14018691588785046
0 0.44609375 0.8387850467289719 0.028125 0.12850467289719625
0 0.4171875 0.8492990654205608 0.0328125 0.10981308411214953
0 0.19609375 0.8504672897196262 0.0234375 0.13551401869158877
0 0.115625 0.8644859813084113 0.0234375 0.12383177570093458
0 0.79921875 0.8913551401869159 0.159375 0.21728971962616822
0 0.50859375 0.8376168224299065 0.0265625 0.11682242990654206
0 0.03515625 0.8200934579439252 0.01875 0.08411214953271028
0 0.5359375 0.7873831775700935 0.015625 0.05841121495327103
0 0.1625 0.8165887850467289 0.0265625 0.0630841121495327
