0 0.00155055 0.0010728291666666668 0.0000239015625 0.00014965208333333333
0 0.7734375 0.5447916666666667 0.0390625 0.052083333333333336
0 0.29140625 0.50625 0.034375 0.09791666666666667
0 0.22109375 0.5125 0.03125 0.10416666666666667
0 0.23671875 0.5072916666666667 0.0171875 0.09583333333333334
0 0.81328125 0.5145833333333333 0.0265625 0.0875
0 0.83046875 0.51875 0.0203125 0.07916666666666666
0 0.8578125 0.5302083333333333 0.03125 0.07916666666666666
0 0.88671875 0.5270833333333333 0.0296875 0.07916666666666666
0 0.9125 0.484375 0.0171875 0.075
0 0.32265625 0.5052083333333334 0.0265625 0.09791666666666667
0 0.87265625 0.5166666666666667 0.0234375 0.08125
0 0.92578125 0.4875 0.0140625 0.07291666666666667