0 0.88125 0.6908665105386417 0.0484375 0.22950819672131148
0 0.93125 0.7107728337236534 0.053125 0.2107728337236534
0 0.82109375 0.7014051522248244 0.0484375 0.1920374707259953
0 0.85625 0.6768149882903981 0.0296875 0.1358313817330211
0 0.83515625 0.6861826697892272 0.0265625 0.16627634660421545
0 0.19765625 0.6252927400468384 0.009375 0.05620608899297424
0 0.13671875 0.6241217798594848 0.0125 0.04215456674473068
0 0.1296875 0.6264637002341921 0.00625 0.0351288056206089
0 0.90546875 0.6791569086651054 0.025 0.16159250585480095
0 0.1828125 0.6241217798594848 0.015625 0.06557377049180328
0 0.1046875 0.6159250585480094 0.0109375 0.04215456674473068
0 0.6078125 0.5901639344262295 0.046875 0.07494145199063232