0 0.659375 0.5011520737327189 0.490625 0.967741935483871
0 0.34140625 0.5944700460829493 0.30625 0.7903225806451613
0 0.128125 0.6082949308755761 0.2265625 0.7534562211981567
0 0.20703125 0.44585253456221197 0.0734375 0.21658986175115208
0 0.4171875 0.391705069124424 0.1125 0.18202764976958524
0 0.15546875 0.4251152073732719 0.0421875 0.10599078341013825
0 0.92890625 0.5875576036866359 0.1421875 0.3986175115207373
0 0.878125 0.31451612903225806 0.2375 0.5207373271889401
0 0.35 0.33410138248847926 0.05 0.1175115207373272
0 0.465625 0.3640552995391705 0.0671875 0.08755760368663594
0 0.16875 0.39746543778801846 0.0546875 0.10599078341013825
