0 0.4421875 0.639344262295082 0.159375 0.667447306791569
0 0.63515625 0.6381733021077284 0.103125 0.5011709601873536
0 0.76953125 0.639344262295082 0.11875 0.4379391100702576
0 0.09921875 0.5409836065573771 0.1984375 0.9180327868852459
0 0.34375 0.5655737704918032 0.109375 0.3840749414519906
0 0.52265625 0.6194379391100703 0.08125 0.48243559718969553
0 0.72890625 0.5362997658079626 0.053125 0.2388758782201405
0 0.8453125 0.639344262295082 0.0546875 0.34894613583138173
0 0.19765625 0.4180327868852459 0.0609375 0.13114754098360656
0 0.703125 0.6030444964871194 0.04375 0.29508196721311475
