0 0.44453125 0.4623529411764706 0.1265625 0.3247058823529412
0 0.54765625 0.4835294117647059 0.1234375 0.28941176470588237
0 0.3296875 0.48 0.0546875 0.16941176470588235
0 0.63125 0.44823529411764707 0.0328125 0.12941176470588237
0 0.06875 0.49411764705882355 0.128125 0.2447058823529412
0 0.93046875 0.4835294117647059 0.0421875 0.16705882352941176
0 0.9796875 0.4435294117647059 0.034375 0.08235294117647059
0 0.1515625 0.4682352941176471 0.021875 0.11764705882352941
0 0.24609375 0.4294117647058823 0.046875 0.12470588235294118
0 0.05546875 0.4541176470588235 0.034375 0.07529411764705882
0 0.23125 0.5152941176470588 0.08125 0.15764705882352942
0 0.21953125 0.571764705882353 0.0453125 0.04470588235294118