0 0.07890625 0.2903981264637002 0.053125 0.14988290398126464
0 0.87109375 0.4613583138173302 0.071875 0.2107728337236534
0 0.28359375 0.2259953161592506 0.0296875 0.06791569086651054
0 0.37109375 0.19672131147540983 0.0484375 0.07259953161592506
0 0.64921875 0.25878220140515223 0.0453125 0.05620608899297424
0 0.91328125 0.4601873536299766 0.0640625 0.1592505854800937
0 0.48515625 0.24355971896955503 0.0484375 0.07259953161592506
0 0.6921875 0.16042154566744732 0.0390625 0.07494145199063232
0 0.77421875 0.25878220140515223 0.0359375 0.06088992974238876
0 0.14765625 0.5995316159250585 0.1 0.25526932084309134
0 0.40234375 0.17681498829039813 0.0359375 0.09601873536299765
0 0.69765625 0.26346604215456676 0.0484375 0.05152224824355972
0 0.81484375 0.25526932084309134 0.046875 0.06791569086651054
