0 0.48046875 0.575 0.228125 0.16875
0 0.78125 0.5895833333333333 0.1140625 0.15416666666666667
0 0.2578125 0.603125 0.103125 0.10625
0 0.06484375 0.6125 0.0234375 0.06875
0 0.98203125 0.590625 0.0359375 0.15833333333333333
0 0.36640625 0.5885416666666666 0.0546875 0.10625
0 0.8375 0.5875 0.0703125 0.1375
0 0.45 0.578125 0.0640625 0.09375
0 0.5859375 0.5739583333333333 0.05 0.08541666666666667
0 0.65859375 0.5635416666666667 0.0953125 0.11666666666666667
0 0.79609375 0.55625 0.040625 0.07708333333333334