0 0.52265625 0.8629976580796253 0.140625 0.25526932084309134
0 0.26171875 0.41920374707259955 0.0234375 0.0468384074941452
0 0.375 0.4297423887587822 0.0140625 0.05620608899297424
0 0.409375 0.4309133489461358 0.0203125 0.06323185011709602
0 0.72109375 0.5292740046838408 0.0203125 0.06791569086651054
0 0.58046875 0.43559718969555034 0.01875 0.06088992974238876
0 0.628125 0.4379391100702576 0.0171875 0.0585480093676815
0 0.765625 0.5433255269320844 0.03125 0.0585480093676815
0 0.1484375 0.8466042154566745 0.290625 0.28337236533957844
0 0.8921875 0.8665105386416861 0.215625 0.26697892271662765
0 0.49375 0.4496487119437939 0.01875 0.0702576112412178
0 0.734375 0.7213114754098361 0.0453125 0.2154566744730679
0 0.49609375 0.4344262295081967 0.009375 0.05620608899297424
