0 0.57578125 0.4886731391585761 0.3109375 0.9773462783171522
0 0.8859375 0.2702265372168285 0.0546875 0.16181229773462782
0 0.8265625 0.30906148867313915 0.0671875 0.24271844660194175
0 0.78359375 0.3365695792880259 0.0390625 0.14563106796116504
0 0.70625 0.2702265372168285 0.05625 0.0970873786407767
0 0.334375 0.284789644012945 0.1015625 0.37216828478964403
0 0.425 0.28640776699029125 0.0546875 0.14563106796116504
0 0.45703125 0.42071197411003236 0.0546875 0.11974110032362459
0 0.7609375 0.2621359223300971 0.0359375 0.11003236245954692
0 0.51015625 0.41585760517799353 0.0546875 0.1262135922330097
0 0.3921875 0.4190938511326861 0.0671875 0.13268608414239483
0 0.7203125 0.33980582524271846 0.053125 0.11650485436893204
0 0.490625 0.32524271844660196 0.0515625 0.2297734627831715