0 0.3734375 0.4847222222222222 0.0453125 0.08055555555555556
0 0.42734375 0.5013888888888889 0.065625 0.08055555555555556
0 0.57109375 0.4666666666666667 0.05625 0.075
0 0.73046875 0.5291666666666667 0.0625 0.10833333333333334
0 0.6390625 0.9055555555555556 0.065625 0.18888888888888888
0 0.740625 0.8805555555555555 0.0484375 0.175
0 0.7890625 0.8722222222222222 0.0828125 0.2
0 0.9453125 0.925 0.109375 0.14444444444444443
0 0.86796875 0.9277777777777778 0.08125 0.14444444444444443
0 0.78828125 0.9555555555555556 0.084375 0.08055555555555556
0 0.67421875 0.475 0.0328125 0.07222222222222222
0 0.69140625 0.9611111111111111 0.034375 0.06388888888888888
0 0.915625 0.8333333333333334 0.0328125 0.075