0 0.759375 0.5490654205607477 0.146875 0.3364485981308411
0 0.390625 0.27686915887850466 0.0375 0.13317757009345793
0 0.0921875 0.2932242990654206 0.0703125 0.10514018691588785
0 0.50390625 0.2324766355140187 0.021875 0.08177570093457943
0 0.66796875 0.20210280373831777 0.0140625 0.02570093457943925
0 0.740625 0.15537383177570094 0.003125 0.004672897196261682
0 0.19453125 0.05841121495327103 0.015625 0.04906542056074766
0 0.77265625 0.3119158878504673 0.0375 0.16121495327102803
0 0.5765625 0.23481308411214954 0.040625 0.09345794392523364
0 0.640625 0.2523364485981308 0.0296875 0.06775700934579439
0 0.59296875 0.24766355140186916 0.0296875 0.05841121495327103
0 0.68515625 0.2558411214953271 0.0296875 0.053738317757009345
0 0.953125 0.6156542056074766 0.090625 0.23130841121495327