0 0.6334894613583139 0.55 0.2716627634660422 0.3453125
0 0.8161592505854801 0.21953125 0.12177985948477751 0.0453125
0 0.9531615925058547 0.18515625 0.06088992974238876 0.08125
0 0.8466042154566745 0.1046875 0.08196721311475409 0.0890625
0 0.8430913348946136 0.14296875 0.06557377049180328 0.0734375
0 0.6955503512880562 0.18046875 0.10304449648711944 0.0890625
0 0.7084309133489461 0.21328125 0.0936768149882904 0.059375
0 0.5386416861826698 0.21328125 0.12177985948477751 0.0609375
0 0.8875878220140515 0.19921875 0.09133489461358314 0.0515625
0 0.42857142857142855 0.215625 0.09133489461358314 0.053125
0 0.7833723653395784 0.184375 0.06557377049180328 0.0765625
0 0.7728337236533958 0.1390625 0.08665105386416862 0.084375
0 0.9672131147540983 0.2078125 0.06557377049180328 0.0625