0 0.4796875 0.6872093023255814 0.025 0.05581395348837209
0 0.49453125 0.6906976744186046 0.015625 0.03488372093023256
0 0.4875 0.55 0.009375 0.046511627906976744
0 0.25 0.7267441860465116 0.01875 0.07441860465116279
0 0.16484375 0.5813953488372093 0.0140625 0.044186046511627906
0 0.23515625 0.522093023255814 0.0171875 0.046511627906976744
0 0.43671875 0.5116279069767442 0.0125 0.04883720930232558
0 0.3859375 0.48604651162790696 0.009375 0.027906976744186046
0 0.7 0.5453488372093023 0.015625 0.030232558139534883
0 0.84765625 0.5511627906976744 0.0078125 0.03953488372093023
0 0.853125 0.8593023255813953 0.015625 0.027906976744186046
0 0.7 0.9348837209302325 0.0765625 0.11162790697674418
0 0.815625 0.5325581395348837 0.009375 0.03488372093023256
