0 0.61171875 0.6770833333333334 0.078125 0.425
0 0.3953125 0.5510416666666667 0.015625 0.04375
0 0.19921875 0.565625 0.0234375 0.07708333333333334
0 0.90234375 0.5229166666666667 0.015625 0.03333333333333333
0 0.2546875 0.5510416666666667 0.0140625 0.04375
0 0.7734375 0.5416666666666666 0.0140625 0.052083333333333336
0 0.41640625 0.5479166666666667 0.0125 0.05
0 0.0640625 0.58125 0.0140625 0.04791666666666667
0 0.11484375 0.5677083333333334 0.03125 0.0625
0 0.2625 0.55 0.0125 0.041666666666666664
0 0.70625 0.5229166666666667 0.0046875 0.014583333333333334
0 0.68984375 0.521875 0.0046875 0.0125
