0 0.33125 0.5333333333333333 0.1984375 0.9055555555555556
0 0.1578125 0.5458333333333333 0.084375 0.3055555555555556
0 0.2203125 0.4597222222222222 0.040625 0.21944444444444444
0 0.68984375 0.5055555555555555 0.0265625 0.10555555555555556
0 0.72109375 0.5583333333333333 0.0375 0.2111111111111111
0 0.78046875 0.5777777777777777 0.0421875 0.17222222222222222
0 0.9578125 0.5430555555555555 0.05 0.29444444444444445
0 0.8265625 0.5277777777777778 0.0234375 0.10833333333333334
0 0.75234375 0.5472222222222223 0.0359375 0.19166666666666668
0 0.07734375 0.5625 0.1203125 0.6333333333333333
0 0.67734375 0.5611111111111111 0.0671875 0.25277777777777777
