0 0.5875 0.49765807962529274 0.165625 0.8032786885245902
0 0.67890625 0.7377049180327869 0.1421875 0.30210772833723654
0 0.41640625 0.3372365339578454 0.0734375 0.3583138173302108
0 0.2609375 0.25175644028103045 0.0390625 0.3185011709601874
0 0.29375 0.2611241217798595 0.046875 0.33489461358313816
0 0.17421875 0.24824355971896955 0.0484375 0.23653395784543327
0 0.6546875 0.23536299765807964 0.075 0.2224824355971897
0 0.66953125 0.16744730679156908 0.034375 0.04918032786885246
0 0.68515625 0.3711943793911007 0.0859375 0.34660421545667447
0 0.93671875 0.34192037470725994 0.0890625 0.35362997658079626
