0 0.41796875 0.42488262910798125 0.04375 0.176056338028169
0 0.2453125 0.4859154929577465 0.0515625 0.18779342723004694
0 0.75 0.33215962441314556 0.0484375 0.15023474178403756
0 0.47109375 0.4119718309859155 0.05 0.13615023474178403
0 0.72265625 0.3438967136150235 0.0203125 0.11737089201877934
0 0.165625 0.5199530516431925 0.0234375 0.0892018779342723
0 0.2875 0.4823943661971831 0.0125 0.056338028169014086
0 0.31875 0.47300469483568075 0.009375 0.046948356807511735
0 0.14375 0.5305164319248826 0.034375 0.0892018779342723
0 0.78125 0.33215962441314556 0.040625 0.1596244131455399
0 0.91328125 0.2535211267605634 0.1734375 0.3873239436619718