0 0.5625 0.5458333333333333 0.13125 0.2520833333333333
0 0.484375 0.5083333333333333 0.06875 0.25625
0 0.49609375 0.225 0.0515625 0.075
0 0.46328125 0.21666666666666667 0.04375 0.06875
0 0.42421875 0.21458333333333332 0.040625 0.07083333333333333
0 0.453125 0.11666666666666667 0.04375 0.0625
0 0.5078125 0.14270833333333333 0.0328125 0.058333333333333334
0 0.58046875 0.13645833333333332 0.034375 0.06875
0 0.52421875 0.06458333333333334 0.0265625 0.06458333333333334
0 0.946875 0.284375 0.0453125 0.05416666666666667
0 0.703125 0.5333333333333333 0.0765625 0.24791666666666667
0 0.71328125 0.253125 0.0453125 0.07083333333333333
0 0.76171875 0.2635416666666667 0.040625 0.06458333333333334