0 0.759375 0.7271662763466042 0.2234375 0.5456674473067916
0 0.3125 0.5234192037470726 0.1625 0.3091334894613583
0 0.1640625 0.6967213114754098 0.309375 0.5714285714285714
0 0.428125 0.4718969555035129 0.1328125 0.28337236533957844
0 0.2515625 0.3407494145199063 0.028125 0.0702576112412178
0 0.37578125 0.34894613583138173 0.028125 0.0585480093676815
0 0.5046875 0.3524590163934426 0.0625 0.1358313817330211
0 0.5578125 0.373536299765808 0.0296875 0.08430913348946135
0 0.590625 0.4168618266978923 0.06875 0.1686182669789227
0 0.61328125 0.4063231850117096 0.0421875 0.12646370023419204
0 0.09140625 0.36768149882903983 0.0703125 0.08196721311475409
0 0.2015625 0.3594847775175644 0.0859375 0.12177985948477751
0 0.27421875 0.39227166276346603 0.04375 0.07494145199063232
