0 0.6140625 0.7950530035335689 0.14375 0.2968197879858657
0 0.49921875 0.5176678445229682 0.059375 0.36042402826855124
0 0.309375 0.5053003533568905 0.05 0.1696113074204947
0 0.18671875 0.48056537102473496 0.0546875 0.18374558303886926
0 0.12734375 0.46819787985865724 0.046875 0.1978798586572438
0 0.38828125 0.24028268551236748 0.025 0.07773851590106007
0 0.3140625 0.2226148409893993 0.053125 0.10247349823321555
0 0.75078125 0.2597173144876325 0.0453125 0.09187279151943463
0 0.903125 0.3339222614840989 0.0296875 0.09187279151943463
0 0.81953125 0.8162544169611308 0.065625 0.27208480565371024
0 0.87890625 0.3992932862190813 0.0359375 0.12367491166077739
0 0.865625 0.7720848056537103 0.0703125 0.3250883392226148
0 0.54140625 0.24734982332155478 0.0390625 0.07773851590106007