0 0.9078125 0.27634660421545665 0.1265625 0.5035128805620609
0 0.7875 0.4929742388758782 0.2515625 0.9765807962529274
0 0.43359375 0.12060889929742388 0.0375 0.1451990632318501
0 0.4296875 0.11007025761124122 0.021875 0.10304449648711944
0 0.20390625 0.5480093676814989 0.2375 0.8805620608899297
0 0.37265625 0.14637002341920374 0.03125 0.14988290398126464
0 0.32890625 0.12997658079625293 0.0390625 0.19437939110070257
0 0.1390625 0.3114754098360656 0.1109375 0.4894613583138173
0 0.021875 0.30562060889929743 0.04375 0.4496487119437939
0 0.40234375 0.12412177985948478 0.03125 0.13817330210772832
0 0.4796875 0.07962529274004684 0.028125 0.053864168618266976
