0 0.6496519721577726 0.5140625 0.19721577726218098 0.2828125
0 0.32018561484918795 0.540625 0.1740139211136891 0.21875
0 0.7761020881670534 0.21796875 0.10440835266821345 0.0890625
0 0.3909512761020882 0.17578125 0.13921113689095127 0.1953125
0 0.5603248259860789 0.25546875 0.08120649651972157 0.0640625
0 0.5185614849187935 0.22109375 0.05336426914153132 0.065625
0 0.6519721577726219 0.159375 0.08584686774941995 0.0796875
0 0.8190255220417634 0.17890625 0.08120649651972157 0.065625
0 0.9292343387470998 0.16484375 0.06496519721577726 0.059375
0 0.9466357308584686 0.2234375 0.058004640371229696 0.0796875
0 0.617169373549884 0.39921875 0.18561484918793503 0.1046875
0 0.7645011600928074 0.409375 0.11136890951276102 0.2203125
0 0.5893271461716937 0.290625 0.10672853828306264 0.059375