0 0.24921875 0.6631455399061033 0.096875 0.3732394366197183
0 0.46875 0.6666666666666666 0.0734375 0.3591549295774648
0 0.0734375 0.6678403755868545 0.0953125 0.36384976525821594
0 0.34375 0.6936619718309859 0.06875 0.3004694835680751
0 0.6578125 0.6725352112676056 0.065625 0.3685446009389671
0 0.42890625 0.6208920187793427 0.046875 0.24413145539906103
0 0.61328125 0.5586854460093896 0.021875 0.12206572769953052
0 0.134375 0.6349765258215962 0.0609375 0.26291079812206575
0 0.5671875 0.6549295774647887 0.059375 0.3427230046948357
0 0.04765625 0.5211267605633803 0.05 0.1267605633802817
0 0.903125 0.7676056338028169 0.19375 0.44366197183098594
0 0.54375 0.5422535211267606 0.0140625 0.09859154929577464
0 0.5140625 0.6338028169014085 0.04375 0.215962441314554