0 0.41953125 0.7919161676646707 0.0234375 0.09580838323353294
0 0.48828125 0.7679640718562875 0.0171875 0.059880239520958084
0 0.465625 0.7919161676646707 0.015625 0.059880239520958084
0 0.390625 0.7949101796407185 0.0140625 0.08083832335329341
0 0.44921875 0.781437125748503 0.0125 0.08682634730538923
0 0.34921875 0.7709580838323353 0.0125 0.05389221556886228
0 0.3671875 0.7619760479041916 0.0109375 0.059880239520958084
0 0.5046875 0.7619760479041916 0.0140625 0.029940119760479042
0 0.33203125 0.7694610778443114 0.0125 0.08083832335329341
0 0.47421875 0.7784431137724551 0.0109375 0.059880239520958084
0 0.42890625 0.75 0.00625 0.020958083832335328
0 0.875 0.7649700598802395 0.009375 0.03293413173652695
0 0.4390625 0.8008982035928144 0.0171875 0.0688622754491018