0 0.0016736770833333332 0.0017338857938718664 0.0008193145833333333 0.0020906880222841227
0 0.646875 0.21587743732590528 0.18541666666666667 0.3955431754874652
0 0.59375 0.17827298050139276 0.15625 0.23676880222841226
0 0.36666666666666664 0.1671309192200557 0.07708333333333334 0.1977715877437326
0 0.2864583333333333 0.4220055710306407 0.30833333333333335 0.5682451253481894
0 0.18333333333333332 0.6183844011142061 0.36041666666666666 0.7409470752089137
0 0.7333333333333333 0.3579387186629526 0.3104166666666667 0.5041782729805014
0 0.0019663854166666666 0.0005834456824512535 0.00023389791666666665 0.0007842116991643454
0 0.8739583333333333 0.055710306406685235 0.06041666666666667 0.10027855153203342
0 0.3177083333333333 0.3203342618384401 0.1625 0.5069637883008357
