0 0.32578125 0.7587822014051522 0.0671875 0.23185011709601874
0 0.27265625 0.7669789227166276 0.05625 0.20608899297423888
0 0.171875 0.8138173302107728 0.06875 0.28805620608899296
0 0.425 0.7131147540983607 0.0328125 0.117096018735363
0 0.38671875 0.7107728337236534 0.025 0.12177985948477751
0 0.64140625 0.6978922716627635 0.0234375 0.09601873536299765
0 0.35 0.7353629976580797 0.0171875 0.14285714285714285
0 0.12421875 0.8044496487119438 0.090625 0.2576112412177986
0 0.45390625 0.6744730679156908 0.021875 0.04918032786885246
0 0.8234375 0.6615925058548009 0.021875 0.03981264637002342
0 0.49375 0.680327868852459 0.01875 0.05152224824355972
0 0.4875 0.6779859484777517 0.0140625 0.04918032786885246
0 0.5078125 0.6639344262295082 0.003125 0.00468384074941452
