0 0.3109375 0.24166666666666667 0.428125 0.3875
0 0.4796875 0.390625 0.04375 0.1625
0 0.7421875 0.4166666666666667 0.04375 0.07291666666666667
0 0.428125 0.384375 0.053125 0.15833333333333333
0 0.52578125 0.41875 0.040625 0.11875
0 0.54765625 0.43020833333333336 0.0421875 0.10416666666666667
0 0.78125 0.365625 0.03125 0.08333333333333333
0 0.60703125 0.38229166666666664 0.0578125 0.11666666666666667
0 0.84921875 0.403125 0.0515625 0.12291666666666666
0 0.403125 0.38645833333333335 0.0484375 0.16666666666666666
0 0.3890625 0.38333333333333336 0.03125 0.14583333333333334
0 0.8765625 0.42916666666666664 0.01875 0.07083333333333333
0 0.5828125 0.4083333333333333 0.0421875 0.0625