0 0.57421875 0.5234192037470726 0.2671875 0.48711943793911006
0 0.9265625 0.16393442622950818 0.0484375 0.25526932084309134
0 0.79140625 0.07728337236533958 0.05625 0.15456674473067916
0 0.56640625 0.08782201405152225 0.040625 0.1756440281030445
0 0.9609375 0.18032786885245902 0.078125 0.29508196721311475
0 0.8921875 0.14637002341920374 0.05625 0.2810304449648712
0 0.8578125 0.1358313817330211 0.0296875 0.1686182669789227
0 0.50703125 0.07259953161592506 0.04375 0.1451990632318501
0 0.68359375 0.06206088992974239 0.034375 0.08196721311475409
0 0.54140625 0.08196721311475409 0.0359375 0.16393442622950818
0 0.4734375 0.07377049180327869 0.0375 0.14754098360655737
0 0.82578125 0.14988290398126464 0.046875 0.21779859484777517
0 0.28671875 0.053864168618266976 0.0375 0.10772833723653395