0 0.1515625 0.5757211538461539 0.20625 0.5048076923076923
0 0.74296875 0.5192307692307693 0.2421875 0.6298076923076923
0 0.1921875 0.14783653846153846 0.1703125 0.17548076923076922
0 0.47578125 0.14543269230769232 0.15 0.19951923076923078
0 0.6 0.10216346153846154 0.059375 0.08173076923076923
0 0.6640625 0.07211538461538461 0.103125 0.13942307692307693
0 0.72890625 0.13942307692307693 0.1109375 0.15625
0 0.81953125 0.14543269230769232 0.0859375 0.1466346153846154
0 0.928125 0.1502403846153846 0.1046875 0.14182692307692307
0 0.32265625 0.6442307692307693 0.2671875 0.3942307692307692
0 0.56015625 0.06971153846153846 0.0859375 0.13701923076923078
0 0.4546875 0.07572115384615384 0.1375 0.15144230769230768
0 0.61171875 0.14302884615384615 0.1296875 0.1658653846153846