0 0.34453125 0.4486486486486487 0.2640625 0.5567567567567567
0 0.0640625 0.25 0.1203125 0.34864864864864864
0 0.15859375 0.21216216216216216 0.053125 0.23513513513513515
0 0.196875 0.18783783783783783 0.071875 0.20270270270270271
0 0.6078125 0.1 0.034375 0.05945945945945946
0 0.4953125 0.12027027027027028 0.0421875 0.2
0 0.5625 0.12162162162162163 0.0484375 0.24054054054054055
0 0.68046875 0.12162162162162163 0.046875 0.23783783783783785
0 0.74375 0.10810810810810811 0.046875 0.21081081081081082
0 0.32109375 0.12972972972972974 0.05625 0.25675675675675674
0 0.784375 0.13918918918918918 0.053125 0.2
