0 0.878125 0.5376470588235294 0.24375 0.8682352941176471
0 0.75703125 0.6058823529411764 0.2359375 0.788235294117647
0 0.565625 0.5882352941176471 0.1578125 0.7811764705882352
0 0.001417090625 0.0013706023529411763 0.0002908203125 0.0019486235294117649
0 0.49453125 0.32588235294117646 0.04375 0.08941176470588236
0 0.41640625 0.4505882352941176 0.1078125 0.34352941176470586
0 0.48125 0.5635294117647058 0.09375 0.4588235294117647
0 0.71875 0.3352941176470588 0.1125 0.25176470588235295
0 0.390625 0.3564705882352941 0.028125 0.07764705882352942
0 0.16171875 0.39647058823529413 0.05625 0.1388235294117647
0 0.3046875 0.3952941176470588 0.0625 0.20705882352941177
0 0.34609375 0.42823529411764705 0.0515625 0.17647058823529413
0 0.3578125 0.4329411764705882 0.0515625 0.14823529411764705
