0 0.2109375 0.5210772833723654 0.2375 0.7447306791569087
0 0.39375 0.22833723653395785 0.0984375 0.1756440281030445
0 0.659375 0.2459016393442623 0.0859375 0.16393442622950818
0 0.78125 0.30327868852459017 0.1203125 0.17096018735362997
0 0.5796875 0.11241217798594848 0.0953125 0.19437939110070257
0 0.8828125 0.32786885245901637 0.084375 0.12646370023419204
0 0.665625 0.12295081967213115 0.084375 0.1920374707259953
0 0.85 0.2423887587822014 0.1046875 0.22014051522248243
0 0.4890625 0.17681498829039813 0.096875 0.3395784543325527
0 0.940625 0.27985948477751754 0.0875 0.2224824355971897
0 0.68125 0.32903981264637 0.0875 0.11007025761124122
0 0.75703125 0.12763466042154567 0.109375 0.234192037470726
0 0.875 0.12997658079625293 0.1359375 0.234192037470726