0 0.5455607476635514 0.43828125 0.29906542056074764 0.4703125
0 0.45794392523364486 0.6484375 0.12149532710280374 0.10625
0 0.15771028037383178 0.70859375 0.1425233644859813 0.25625
0 0.0689252336448598 0.73515625 0.13551401869158877 0.3796875
0 0.8925233644859814 0.24453125 0.04205607476635514 0.040625
0 0.8037383177570093 0.43359375 0.1822429906542056 0.5265625
0 0.0021916495327102803 0.000632946875 0.00028960046728971966 0.0007390375000000001
0 0.6495327102803738 0.24140625 0.08644859813084112 0.1265625
0 0.10046728971962617 0.70625 0.1261682242990654 0.2546875
0 0.5607476635514018 0.21328125 0.5397196261682243 0.4265625
0 0.7172897196261683 0.4390625 0.0911214953271028 0.3375
0 0.9123831775700935 0.24296875 0.053738317757009345 0.04375
