0 0.126 0.6653333333333333 0.084 0.36533333333333334
0 0.172 0.6493333333333333 0.042 0.14666666666666667
0 0.437 0.632 0.03 0.096
0 0.39 0.652 0.028 0.034666666666666665
0 0.8 0.6866666666666666 0.034 0.06133333333333333
0 0.601 0.672 0.022 0.042666666666666665
0 0.842 0.6826666666666666 0.056 0.06933333333333333
0 0.21 0.628 0.032 0.096
0 0.206 0.6253333333333333 0.018 0.10133333333333333
0 0.012 0.6253333333333333 0.024 0.104
0 0.38 0.6533333333333333 0.044 0.048
0 0.601 0.68 0.086 0.05333333333333334
0 0.54 0.7146666666666667 0.056 0.02666666666666667