0 0.001297765625 0.001368887323943662 0.0005294671875000001 0.00195706338028169
0 0.67109375 0.6983568075117371 0.184375 0.57981220657277
0 0.43984375 0.6654929577464789 0.1234375 0.5375586854460094
0 0.290625 0.6197183098591549 0.1953125 0.5469483568075117
0 0.2140625 0.5316901408450704 0.0859375 0.44366197183098594
0 0.146875 0.5974178403755869 0.1171875 0.3779342723004695
0 0.42265625 0.3814553990610329 0.090625 0.19014084507042253
0 0.35390625 0.4213615023474178 0.0640625 0.2699530516431925
0 0.53671875 0.6302816901408451 0.2359375 0.7394366197183099
0 0.09765625 0.4964788732394366 0.0546875 0.20657276995305165
0 0.48046875 0.29694835680751175 0.0578125 0.19953051643192488
0 0.8125 0.25 0.078125 0.11971830985915492
0 0.23671875 0.2992957746478873 0.0609375 0.26291079812206575