0 0.653125 0.7300469483568075 0.1875 0.5375586854460094
0 0.54609375 0.6338028169014085 0.1125 0.2511737089201878
0 0.29765625 0.7429577464788732 0.1109375 0.49295774647887325
0 0.14375 0.8755868544600939 0.05625 0.24882629107981222
0 0.94296875 0.6126760563380281 0.0296875 0.06807511737089202
0 0.0484375 0.8368544600938967 0.0796875 0.32629107981220656
0 0.7875 0.8145539906103286 0.06875 0.3685446009389671
0 0.834375 0.8309859154929577 0.071875 0.33098591549295775
0 0.10546875 0.8708920187793427 0.053125 0.25586854460093894
0 0.10859375 0.744131455399061 0.0484375 0.11032863849765258
0 0.49140625 0.6232394366197183 0.03125 0.07746478873239436
0 0.17734375 0.7746478873239436 0.0421875 0.17370892018779344
0 0.946875 0.7734741784037559 0.06875 0.24413145539906103