0 0.4796875 0.4844559585492228 0.16875 0.3911917098445596
0 0.290625 0.44559585492227977 0.159375 0.2823834196891192
0 0.3265625 0.38341968911917096 0.0859375 0.23316062176165803
0 0.13125 0.5310880829015544 0.05625 0.4015544041450777
0 0.08046875 0.533678756476684 0.0765625 0.4015544041450777
0 0.80234375 0.5466321243523317 0.071875 0.34974093264248707
0 0.50078125 0.4261658031088083 0.0359375 0.15025906735751296
0 0.690625 0.4883419689119171 0.084375 0.5440414507772021
0 0.90390625 0.5453367875647669 0.0625 0.33678756476683935
0 0.64375 0.572538860103627 0.0453125 0.3160621761658031
0 0.159375 0.42875647668393785 0.0171875 0.06217616580310881
0 0.18984375 0.44430051813471505 0.0703125 0.20725388601036268
0 0.98359375 0.5323834196891192 0.0328125 0.36787564766839376