0 0.183 0.6986666666666667 0.034 0.14933333333333335
0 0.4 0.7253333333333334 0.028 0.13333333333333333
0 0.521 0.6853333333333333 0.072 0.232
0 0.706 0.7333333333333333 0.096 0.408
0 0.446 0.33066666666666666 0.016 0.04
0 0.57 0.48533333333333334 0.026 0.072
0 0.606 0.6746666666666666 0.088 0.24266666666666667
0 0.094 0.8306666666666667 0.182 0.33866666666666667
0 0.274 0.7053333333333334 0.054 0.20533333333333334
0 0.12 0.66 0.046 0.06933333333333333
0 0.824 0.6946666666666667 0.094 0.224
0 0.491 0.42533333333333334 0.024 0.06666666666666667
0 0.942 0.712 0.108 0.3626666666666667
