0 0.11015625 0.20520833333333333 0.2203125 0.4083333333333333
0 0.6421875 0.11979166666666667 0.1140625 0.23333333333333334
0 0.95703125 0.058333333333333334 0.0859375 0.10625
0 0.1515625 0.053125 0.1 0.10416666666666667
0 0.08046875 0.36041666666666666 0.1609375 0.2520833333333333
0 0.0734375 0.04895833333333333 0.0609375 0.09583333333333334
0 0.82421875 0.01875 0.0359375 0.035416666666666666
0 0.87890625 0.023958333333333335 0.0328125 0.04583333333333333
0 0.90390625 0.022916666666666665 0.025 0.04375
0 0.7921875 0.019791666666666666 0.01875 0.027083333333333334
