0 0.25078125 0.46041666666666664 0.021875 0.052083333333333336
0 0.2078125 0.5697916666666667 0.015625 0.04583333333333333
0 0.18359375 0.46875 0.0109375 0.05416666666666667
0 0.19921875 0.46770833333333334 0.015625 0.035416666666666666
0 0.13984375 0.475 0.0109375 0.04375
0 0.1171875 0.5104166666666666 0.0109375 0.05625
0 0.03046875 0.5333333333333333 0.015625 0.07083333333333333
0 0.09921875 0.30833333333333335 0.0078125 0.025
0 0.21953125 0.4 0.009375 0.04375
0 0.171875 0.49270833333333336 0.015625 0.0375
0 0.15859375 0.4979166666666667 0.0140625 0.05
0 0.05625 0.5270833333333333 0.015625 0.03958333333333333
0 0.19375 0.25625 0.00625 0.020833333333333332