0 0.28046875 0.6479166666666667 0.1046875 0.3770833333333333
0 0.215625 0.659375 0.0984375 0.34375
0 0.03046875 0.6375 0.0609375 0.30416666666666664
0 0.1046875 0.515625 0.021875 0.03958333333333333
0 0.06640625 0.5572916666666666 0.028125 0.14375
0 0.03515625 0.5197916666666667 0.021875 0.041666666666666664
0 0.8015625 0.42916666666666664 0.0234375 0.13333333333333333
0 0.78359375 0.4322916666666667 0.0171875 0.12291666666666666
0 0.05234375 0.5208333333333334 0.0171875 0.07291666666666667
0 0.07265625 0.49375 0.0125 0.022916666666666665
0 0.09296875 0.5197916666666667 0.015625 0.05