0 0.090625 0.6879350348027842 0.1078125 0.4733178654292343
0 0.16171875 0.6519721577726219 0.078125 0.37122969837587005
0 0.29375 0.6496519721577726 0.0921875 0.3665893271461717
0 0.215625 0.6160092807424594 0.065625 0.3062645011600928
0 0.93828125 0.5649651972157773 0.025 0.13921113689095127
0 0.7578125 0.4872389791183295 0.071875 0.16009280742459397
0 0.6484375 0.48839907192575405 0.0796875 0.16473317865429235
0 0.60703125 0.4814385150812065 0.0546875 0.1554524361948956
0 0.26796875 0.511600928074246 0.028125 0.06496519721577726
0 0.18671875 0.505800464037123 0.0234375 0.048723897911832945
0 0.11875 0.5069605568445475 0.034375 0.0765661252900232