0 0.000564428125 0.001368887323943662 0.00072685625 0.00195706338028169
0 0.65078125 0.5328638497652582 0.290625 0.6103286384976526
0 0.04375 0.6502347417840375 0.0875 0.5516431924882629
0 0.07578125 0.4812206572769953 0.05625 0.17370892018779344
0 0.15859375 0.49765258215962443 0.109375 0.1643192488262911
0 0.21796875 0.4413145539906103 0.0390625 0.0892018779342723
0 0.73203125 0.49178403755868544 0.0640625 0.08450704225352113
0 0.78359375 0.4671361502347418 0.0515625 0.08450704225352113
0 0.82265625 0.41431924882629106 0.0390625 0.11502347417840375
0 0.21015625 0.38967136150234744 0.015625 0.03051643192488263
0 0.76796875 0.392018779342723 0.0453125 0.05868544600938967
0 0.1390625 0.4859154929577465 0.08125 0.18779342723004694
0 0.93046875 0.49295774647887325 0.06875 0.10093896713615023
