0 0.36328125 0.41458333333333336 0.0140625 0.052083333333333336
0 0.43671875 0.48541666666666666 0.021875 0.06458333333333334
0 0.48046875 0.48541666666666666 0.0203125 0.06041666666666667
0 0.59296875 0.6166666666666667 0.0203125 0.06875
0 0.65625 0.39791666666666664 0.015625 0.052083333333333336
0 0.69140625 0.35 0.01875 0.04791666666666667
0 0.23515625 0.48125 0.0203125 0.06875
0 0.4078125 0.6104166666666667 0.021875 0.03333333333333333
0 0.446875 0.26145833333333335 0.0140625 0.03958333333333333
0 0.34140625 0.303125 0.009375 0.029166666666666667
