0 0.00019702187500000002 0.001905154046997389 0.00025664062500000003 0.0014116266318537861
0 0.2234375 0.556135770234987 0.10625 0.32114882506527415
0 0.46796875 0.5130548302872062 0.1015625 0.46475195822454307
0 0.590625 0.3785900783289817 0.0765625 0.2689295039164491
0 0.67421875 0.3825065274151436 0.0609375 0.23759791122715404
0 0.84296875 0.381201044386423 0.059375 0.26631853785900783
0 0.78203125 0.5300261096605744 0.090625 0.45430809399477806
0 0.05234375 0.37467362924281983 0.05625 0.21148825065274152
0 0.915625 0.43342036553524804 0.0828125 0.35509138381201044
0 0.10546875 0.3577023498694517 0.0671875 0.20365535248041775
0 0.5796875 0.54177545691906 0.0984375 0.2741514360313316
0 0.30859375 0.5757180156657964 0.0875 0.24281984334203655
0 0.3953125 0.4360313315926893 0.0484375 0.13838120104438642
