0 0.6850117096018735 0.6015625 0.01639344262295082 0.028125
0 0.33489461358313816 0.55078125 0.0234192037470726 0.0265625
0 0.5163934426229508 0.5234375 0.02107728337236534 0.028125
0 0.6686182669789227 0.60078125 0.0117096018735363 0.025
0 0.5702576112412178 0.51171875 0.01639344262295082 0.021875
0 0.6932084309133489 0.23359375 0.0117096018735363 0.01875
0 0.8302107728337237 0.32421875 0.01405152224824356 0.025
0 0.9648711943793911 0.365625 0.0117096018735363 0.0203125
0 0.7084309133489461 0.2421875 0.00936768149882904 0.01875
0 0.7681498829039812 0.5984375 0.0234192037470726 0.0203125
