0 0.13359375 0.43208430913348944 0.153125 0.7400468384074942
0 0.3421875 0.4344262295081967 0.1296875 0.44028103044496486
0 0.89609375 0.5081967213114754 0.121875 0.5058548009367682
0 0.5828125 0.41100702576112413 0.3875 0.4028103044496487
0 0.58828125 0.5199063231850117 0.0796875 0.28337236533957844
0 0.82265625 0.4964871194379391 0.0171875 0.09133489461358314
0 0.6765625 0.47892271662763464 0.0078125 0.0468384074941452
0 0.7125 0.47892271662763464 0.0078125 0.053864168618266976
0 0.4625 0.4648711943793911 0.01875 0.06323185011709602
0 0.80625 0.49063231850117095 0.0265625 0.13817330210772832
0 0.7328125 0.4859484777517564 0.0109375 0.0468384074941452
0 0.76953125 0.48711943793911006 0.0125 0.0468384074941452
0 0.784375 0.49063231850117095 0.009375 0.03747072599531616