0 0.43671875 0.6979166666666666 0.1640625 0.5770833333333333
0 0.275 0.715625 0.128125 0.5458333333333333
0 0.90234375 0.6479166666666667 0.040625 0.15
0 0.57109375 0.621875 0.0390625 0.19583333333333333
0 0.7625 0.61875 0.0421875 0.12916666666666668
0 0.14453125 0.5927083333333333 0.053125 0.1375
0 0.20390625 0.5927083333333333 0.0390625 0.15416666666666667
0 0.70703125 0.5729166666666666 0.0234375 0.12291666666666666
0 0.84140625 0.63125 0.0734375 0.23541666666666666
0 0.65625 0.63125 0.0484375 0.23958333333333334
