0 0.5860849056603774 0.6984375 0.39622641509433965 0.603125
0 0.49410377358490565 0.36796875 0.08018867924528301 0.103125
0 0.5695754716981132 0.34921875 0.03537735849056604 0.0734375
0 0.4115566037735849 0.35859375 0.03537735849056604 0.0609375
0 0.660377358490566 0.3453125 0.04009433962264151 0.0609375
0 0.7841981132075472 0.32109375 0.01179245283018868 0.025
0 0.7334905660377359 0.340625 0.0330188679245283 0.0515625
0 0.714622641509434 0.32578125 0.018867924528301886 0.034375
0 0.6297169811320755 0.334375 0.02830188679245283 0.04375
0 0.6816037735849056 0.32578125 0.01650943396226415 0.0296875
0 0.6922169811320755 0.325 0.014150943396226415 0.025