0 0.21328125 0.24583333333333332 0.109375 0.2833333333333333
0 0.73515625 0.359375 0.1796875 0.16666666666666666
0 0.7859375 0.178125 0.103125 0.16458333333333333
0 0.50078125 0.5489583333333333 0.48125 0.825
0 0.31640625 0.096875 0.0609375 0.07708333333333334
0 0.1359375 0.10625 0.046875 0.0375
0 0.634375 0.259375 0.171875 0.25833333333333336
0 0.6890625 0.15520833333333334 0.09375 0.15833333333333333
0 0.7078125 0.140625 0.053125 0.13333333333333333
0 0.525 0.09375 0.0765625 0.09791666666666667
0 0.4078125 0.08958333333333333 0.075 0.09583333333333334
0 0.10546875 0.22708333333333333 0.1328125 0.26666666666666666
0 0.08203125 0.3177083333333333 0.1171875 0.22708333333333333