0 0.271 0.5135135135135135 0.062 0.35135135135135137
0 0.065 0.5 0.1 0.4114114114114114
0 0.354 0.43993993993993996 0.044 0.26126126126126126
0 0.467 0.40540540540540543 0.058 0.19519519519519518
0 0.875 0.5780780780780781 0.158 0.5225225225225225
0 0.39 0.35735735735735735 0.036 0.08408408408408409
0 0.516 0.3888888888888889 0.028 0.16816816816816818
0 0.535 0.4024024024024024 0.062 0.12612612612612611
0 0.245 0.44894894894894893 0.04 0.26426426426426425
0 0.253 0.3333333333333333 0.016 0.042042042042042045
0 0.606 0.26426426426426425 0.064 0.24924924924924924
0 0.301 0.4804804804804805 0.042 0.3033033033033033
0 0.269 0.3303303303303303 0.03 0.03903903903903904
