0 0.50546875 0.44941176470588234 0.096875 0.16470588235294117
0 0.0703125 0.5376470588235294 0.140625 0.2564705882352941
0 0.40234375 0.22823529411764706 0.0171875 0.05411764705882353
0 0.6453125 0.18235294117647058 0.0125 0.04941176470588235
0 0.11953125 0.26588235294117646 0.009375 0.03529411764705882
0 0.21171875 0.26235294117647057 0.0109375 0.042352941176470586
0 0.48203125 0.20941176470588235 0.015625 0.05176470588235294
0 0.06796875 0.2741176470588235 0.009375 0.03294117647058824
0 0.6390625 0.1811764705882353 0.00625 0.03058823529411765
0 0.496875 0.18588235294117647 0.0078125 0.02823529411764706
0 0.46015625 0.21294117647058824 0.0109375 0.04941176470588235
0 0.3890625 0.22941176470588234 0.0109375 0.04941176470588235
0 0.20078125 0.2635294117647059 0.0171875 0.04470588235294118