0 0.37578125 0.44730679156908665 0.0234375 0.11241217798594848
0 0.5546875 0.4203747072599532 0.0609375 0.1405152224824356
0 0.8 0.41100702576112413 0.0375 0.11943793911007025
0 0.95078125 0.4215456674473068 0.0703125 0.10070257611241218
0 0.68359375 0.4332552693208431 0.0234375 0.07728337236533958
0 0.640625 0.4203747072599532 0.034375 0.10070257611241218
0 0.6125 0.39344262295081966 0.0140625 0.02810304449648712
0 0.48203125 0.4203747072599532 0.015625 0.06557377049180328
0 0.58359375 0.39695550351288056 0.0078125 0.02576112412177986
0 0.6578125 0.43208430913348944 0.01875 0.07962529274004684
0 0.40078125 0.41569086651053866 0.0078125 0.03044496487119438
0 0.5984375 0.43676814988290397 0.0359375 0.12646370023419204