0 0.4953125 0.5139240506329114 0.4390625 0.8278481012658228
0 0.621875 0.4468354430379747 0.2375 0.5873417721518988
0 0.91875 0.42025316455696204 0.1625 0.4151898734177215
0 0.978125 0.34810126582278483 0.04375 0.2582278481012658
0 0.94140625 0.17215189873417722 0.1171875 0.1468354430379747
0 0.26328125 0.22025316455696203 0.0609375 0.22531645569620254
0 0.81328125 0.17341772151898735 0.084375 0.17974683544303796
0 0.2265625 0.3329113924050633 0.125 0.3721518987341772
0 0.90625 0.1810126582278481 0.0671875 0.1569620253164557
0 0.16171875 0.4 0.253125 0.549367088607595
