0 0.28828125 0.6346604215456675 0.084375 0.1358313817330211
0 0.5609375 0.6451990632318502 0.0921875 0.1288056206088993
0 0.71328125 0.6018735362997658 0.075 0.20140515222482436
0 0.68359375 0.6334894613583139 0.065625 0.13817330210772832
0 0.4828125 0.5960187353629977 0.04375 0.22482435597189696
0 0.425 0.5807962529274004 0.05 0.19672131147540983
0 0.45859375 0.5667447306791569 0.0375 0.1920374707259953
0 0.6015625 0.4812646370023419 0.0265625 0.0585480093676815
0 0.54765625 0.48243559718969553 0.0359375 0.06088992974238876
0 0.5796875 0.6276346604215457 0.08125 0.14988290398126464
