0 0.44921875 0.4812646370023419 0.059375 0.1990632318501171
0 0.1515625 0.39344262295081966 0.1015625 0.3583138173302108
0 0.290625 0.38173302107728335 0.1015625 0.23653395784543327
0 0.8859375 0.44028103044496486 0.084375 0.34192037470725994
0 0.69375 0.34192037470725994 0.1875 0.5573770491803278
0 0.49453125 0.5046838407494145 0.015625 0.0351288056206089
0 0.58828125 0.5081967213114754 0.01875 0.10772833723653395
0 0.50234375 0.4953161592505855 0.0125 0.02576112412177986
0 0.5484375 0.5269320843091335 0.0109375 0.053864168618266976
0 0.56171875 0.5339578454332553 0.0171875 0.06557377049180328
0 0.425 0.49414519906323184 0.025 0.17330210772833723
0 0.54296875 0.5105386416861827 0.00625 0.01405152224824356
