0 0.65703125 0.5586854460093896 0.1921875 0.37089201877934275
0 0.1359375 0.13145539906103287 0.028125 0.06572769953051644
0 0.2171875 0.2312206572769953 0.034375 0.07511737089201878
0 0.20078125 0.1443661971830986 0.046875 0.07746478873239436
0 0.2359375 0.08333333333333333 0.021875 0.07746478873239436
0 0.83359375 0.31690140845070425 0.040625 0.05868544600938967
0 0.56875 0.056338028169014086 0.0140625 0.03990610328638498
0 0.7140625 0.04225352112676056 0.0171875 0.035211267605633804
0 0.209375 0.27816901408450706 0.034375 0.04225352112676056
0 0.6953125 0.3145539906103286 0.0328125 0.0539906103286385
0 0.17265625 0.3086854460093897 0.0359375 0.05868544600938967
0 0.69765625 0.31572769953051644 0.034375 0.0539906103286385
0 0.48984375 0.3192488262910798 0.040625 0.07511737089201878