0 0.15234375 0.26875 0.05 0.14791666666666667
0 0.7390625 0.29791666666666666 0.04375 0.06041666666666667
0 0.5296875 0.1875 0.04375 0.07083333333333333
0 0.1046875 0.27708333333333335 0.0609375 0.14583333333333334
0 0.92421875 0.3229166666666667 0.0390625 0.058333333333333334
0 0.8296875 0.30833333333333335 0.0546875 0.058333333333333334
0 0.784375 0.30625 0.04375 0.05416666666666667
0 0.69609375 0.28541666666666665 0.05 0.07708333333333334
0 0.64765625 0.29375 0.040625 0.04375
0 0.603125 0.28229166666666666 0.034375 0.05625
0 0.8765625 0.315625 0.04375 0.06458333333333334
0 0.79375 0.19166666666666668 0.04375 0.06458333333333334
0 0.62109375 0.6208333333333333 0.090625 0.14375
0 0.46015625 0.5552083333333333 0.0765625 0.23333333333333334
0 0.65546875 0.5979166666666667 0.0875 0.19375
0 0.47421875 0.25729166666666664 0.053125 0.07291666666666667
0 0.50703125 0.25 0.040625 0.08958333333333333
0 0.57109375 0.271875 0.0390625 0.06875
0 0.55078125 0.2677083333333333 0.028125 0.06666666666666667