0 0.50390625 0.43387470997679817 0.2546875 0.54292343387471
0 0.959375 0.6902552204176334 0.0640625 0.4385150812064965
0 0.73984375 0.697215777262181 0.1390625 0.3851508120649652
0 0.7015625 0.6403712296983759 0.06875 0.1716937354988399
0 0.53515625 0.7308584686774942 0.0578125 0.2923433874709977
0 0.303125 0.648491879350348 0.0390625 0.14849187935034802
0 0.61171875 0.728538283062645 0.09375 0.3271461716937355
0 0.68671875 0.7679814385150812 0.1078125 0.22273781902552203
0 0.90703125 0.6716937354988399 0.0578125 0.38979118329466356
0 0.3609375 0.6682134570765661 0.0640625 0.16009280742459397
0 0.94765625 0.5104408352668214 0.03125 0.02320185614849188
0 0.85390625 0.6867749419953596 0.103125 0.42923433874709976
