0 0.44921875 0.5852803738317757 0.0796875 0.34579439252336447
0 0.78984375 0.2967289719626168 0.04375 0.06775700934579439
0 0.3234375 0.308411214953271 0.0453125 0.07242990654205607
0 0.88125 0.29205607476635514 0.0421875 0.06775700934579439
0 0.92890625 0.28738317757009346 0.05 0.07242990654205607
0 0.909375 0.2570093457943925 0.0421875 0.10046728971962617
0 0.8671875 0.26635514018691586 0.04375 0.11214953271028037
0 0.796875 0.22780373831775702 0.0453125 0.08878504672897196
0 0.54921875 0.3014018691588785 0.0359375 0.07009345794392523
0 0.7640625 0.4380841121495327 0.0484375 0.1985981308411215
0 0.3640625 0.3107476635514019 0.0375 0.053738317757009345
0 0.421875 0.2967289719626168 0.046875 0.08177570093457943
0 0.4640625 0.2967289719626168 0.04375 0.08411214953271028
