0 0.36171875 0.43676814988290397 0.1234375 0.4613583138173302
0 0.48203125 0.3618266978922717 0.1421875 0.3395784543325527
0 0.65 0.3430913348946136 0.0546875 0.22482435597189696
0 0.1296875 0.29859484777517564 0.0546875 0.1592505854800937
0 0.1984375 0.26229508196721313 0.04375 0.06557377049180328
0 0.22734375 0.3372365339578454 0.0421875 0.1990632318501171
0 0.28515625 0.42857142857142855 0.1265625 0.43559718969555034
0 0.625 0.32669789227166274 0.0328125 0.18032786885245902
0 0.1578125 0.3009367681498829 0.078125 0.15456674473067916
0 0.17890625 0.24473067915690866 0.0265625 0.053864168618266976
0 0.0171875 0.275175644028103 0.034375 0.19672131147540983
0 0.09765625 0.2540983606557377 0.0265625 0.06557377049180328
0 0.07578125 0.29859484777517564 0.0375 0.1686182669789227