0 0.6453125 0.3369140625 0.15625 0.298828125
0 0.98828125 0.689453125 0.015625 0.044921875
0 0.94921875 0.689453125 0.015625 0.03515625
0 0.7859375 0.716796875 0.0140625 0.037109375
0 0.75078125 0.71875 0.009375 0.015625
0 0.70625 0.724609375 0.0078125 0.01953125
0 0.68046875 0.732421875 0.0109375 0.02734375
0 0.8328125 0.712890625 0.01875 0.037109375
0 0.878125 0.7060546875 0.025 0.033203125
0 0.9 0.6962890625 0.015625 0.046875
0 0.77421875 0.7197265625 0.0109375 0.033203125
0 0.91640625 0.6904296875 0.0171875 0.05078125
0 0.69609375 0.7275390625 0.0140625 0.01953125