0 0.4375 0.5655737704918032 0.453125 0.775175644028103
0 0.37890625 0.2903981264637002 0.0875 0.21779859484777517
0 0.2734375 0.3079625292740047 0.13125 0.2505854800936768
0 0.18984375 0.265807962529274 0.128125 0.2693208430913349
0 0.06640625 0.27985948477751754 0.1328125 0.14988290398126464
0 0.72734375 0.32201405152224827 0.1109375 0.18969555035128804
0 0.8125 0.23185011709601874 0.09375 0.20374707259953162
0 0.9453125 0.2388758782201405 0.1078125 0.2107728337236534
0 0.0014266484375 0.001651192037470726 0.00027170468749999996 0.001236775175644028
0 0.8515625 0.3161592505854801 0.1046875 0.20374707259953162
0 0.69453125 0.1288056206088993 0.1421875 0.21779859484777517
0 0.80078125 0.1053864168618267 0.0828125 0.18501170960187355
0 0.88359375 0.14168618266978922 0.1375 0.28337236533957844
