0 0.71015625 0.296875 0.196875 0.41875
0 0.784375 0.5291666666666667 0.35625 0.45625
0 0.56171875 0.39479166666666665 0.2171875 0.38125
0 0.41875 0.359375 0.0734375 0.12083333333333333
0 0.35390625 0.46458333333333335 0.1296875 0.2875
0 0.2296875 0.42291666666666666 0.1875 0.3375
0 0.115625 0.3885416666666667 0.1390625 0.4166666666666667
0 0.6203125 0.6114583333333333 0.3765625 0.55
0 0.27265625 0.421875 0.071875 0.32083333333333336
0 0.06328125 0.403125 0.1265625 0.4270833333333333
0 0.41484375 0.4666666666666667 0.0484375 0.16458333333333333
0 0.89765625 0.7197916666666667 0.2046875 0.42083333333333334
0 0.42578125 0.2864583333333333 0.13125 0.325
