0 0.71484375 0.84192037470726 0.01875 0.0351288056206089
0 0.9875 0.9437939110070258 0.025 0.053864168618266976
0 0.86640625 0.8723653395784543 0.025 0.06088992974238876
0 0.9 0.8957845433255269 0.0171875 0.02810304449648712
0 0.55859375 0.905152224824356 0.028125 0.09836065573770492
0 0.53515625 0.9039812646370023 0.028125 0.10070257611241218
0 0.67890625 0.7857142857142857 0.009375 0.03981264637002342
0 0.65390625 0.810304449648712 0.0125 0.04449648711943794
0 0.61796875 0.8056206088992974 0.009375 0.053864168618266976
0 0.74296875 0.8501170960187353 0.009375 0.01639344262295082
0 0.9609375 0.9660421545667447 0.025 0.06791569086651054
0 0.67109375 0.788056206088993 0.009375 0.04215456674473068
