0 0.5 0.5187793427230047 0.1 0.6150234741784038
0 0.68046875 0.5 0.1109375 0.6455399061032864
0 0.828125 0.4953051643192488 0.1015625 0.6455399061032864
0 0.9140625 0.45774647887323944 0.153125 0.7699530516431925
0 0.3328125 0.24530516431924881 0.321875 0.4694835680751174
0 0.07578125 0.6772300469483568 0.046875 0.2652582159624413
0 0.04765625 0.7406103286384976 0.025 0.12441314553990611
0 0.01640625 0.7429577464788732 0.03125 0.11502347417840375
0 0.125 0.6255868544600939 0.05625 0.37089201877934275
0 0.1671875 0.6068075117370892 0.084375 0.4225352112676056
0 0.2578125 0.5082159624413145 0.09375 0.4014084507042254
0 0.4265625 0.5258215962441315 0.0828125 0.5892018779342723
0 0.57734375 0.5563380281690141 0.08125 0.5023474178403756