0 0.45703125 0.5188235294117647 0.3 0.9388235294117647
0 0.7484375 0.26588235294117646 0.153125 0.24235294117647058
0 0.8953125 0.2988235294117647 0.1421875 0.18352941176470589
0 0.50234375 0.14705882352941177 0.0921875 0.28705882352941176
0 0.66484375 0.06352941176470588 0.178125 0.12470588235294118
0 0.2015625 0.25176470588235295 0.2 0.2611764705882353
0 0.0013466671875 0.0017456894117647058 0.0003932375 0.0012145058823529412
0 0.76171875 0.17176470588235293 0.165625 0.28941176470588237
0 0.001536096875 0.0008048729411764706 0.000052807812500000004 0.00021403529411764707
0 0.57734375 0.2564705882352941 0.140625 0.24235294117647058
0 0.16484375 0.1588235294117647 0.265625 0.3176470588235294
0 0.86796875 0.07058823529411765 0.175 0.1388235294117647