0 0.3375 0.5125 0.0328125 0.12291666666666666
0 0.3640625 0.50625 0.0296875 0.10833333333333334
0 0.84453125 0.5229166666666667 0.0359375 0.0625
0 0.75703125 0.47604166666666664 0.009375 0.041666666666666664
0 0.77265625 0.47604166666666664 0.009375 0.04375
0 0.93671875 0.48333333333333334 0.0109375 0.04375
0 0.76640625 0.4739583333333333 0.00625 0.035416666666666666
0 0.46796875 0.49270833333333336 0.0125 0.06875
0 0.9265625 0.47604166666666664 0.0125 0.0375
0 0.98125 0.4895833333333333 0.021875 0.04791666666666667
0 0.38046875 0.490625 0.0203125 0.07916666666666666
0 0.08828125 0.5625 0.046875 0.17083333333333334
0 0.17734375 0.521875 0.028125 0.12083333333333333
