0 0.24791666666666667 0.7359375 0.075 0.125
0 0.09375 0.75546875 0.075 0.078125
0 0.203125 0.66015625 0.020833333333333332 0.015625
0 0.175 0.6390625 0.016666666666666666 0.01875
0 0.15833333333333333 0.65390625 0.020833333333333332 0.028125
0 0.584375 0.65625 0.01875 0.015625
0 0.6552083333333333 0.65390625 0.027083333333333334 0.0171875
0 0.865625 0.68359375 0.035416666666666666 0.059375
0 0.8270833333333333 0.646875 0.0125 0.009375
0 0.40625 0.9140625 0.1875 0.1484375
0 0.0018787333333333334 0.001464209375 0.00040920208333333335 0.00019658125
0 0.027083333333333334 0.7421875 0.04791666666666667 0.10625