0 0.342 0.5 0.456 1
0 0.906 0.37315634218289084 0.188 0.2743362831858407
0 0.917 0.1415929203539823 0.124 0.28023598820059
0 0.808 0.2536873156342183 0.144 0.5073746312684366
0 0.651 0.19469026548672566 0.17 0.3834808259587021
0 0.507 0.19174041297935104 0.186 0.3775811209439528
0 0.215 0.18436578171091444 0.118 0.3687315634218289
0 0.047 0.23893805309734514 0.094 0.4778761061946903
0 0.699 0.3525073746312684 0.17 0.32448377581120946
0 0.476 0.39823008849557523 0.156 0.23303834808259588
0 0.085 0.43805309734513276 0.118 0.20058997050147492
0 0.107 0.32890855457227136 0.128 0.41887905604719766
0 0.089 0.7168141592920354 0.174 0.48672566371681414