0 0.49140625 0.6074766355140186 0.3484375 0.5841121495327103
0 0.3796875 0.3189252336448598 0.08125 0.10981308411214953
0 0.33984375 0.2827102803738318 0.0484375 0.09345794392523364
0 0.40859375 0.2827102803738318 0.05 0.1308411214953271
0 0.25859375 0.272196261682243 0.0359375 0.053738317757009345
0 0.30234375 0.17757009345794392 0.046875 0.0911214953271028
0 0.3046875 0.1133177570093458 0.0671875 0.09813084112149532
0 0.1875 0.1261682242990654 0.0421875 0.09345794392523364
0 0.68125 0.4392523364485981 0.084375 0.13317757009345793
0 0.278125 0.433411214953271 0.084375 0.13317757009345793
0 0.12734375 0.10747663551401869 0.021875 0.04439252336448598
0 0.40859375 0.21845794392523366 0.0546875 0.102803738317757
0 0.75625 0.4462616822429907 0.084375 0.1425233644859813
