0 0.34921875 0.7808988764044944 0.0265625 0.12359550561797752
0 0.32890625 0.7584269662921348 0.025 0.0898876404494382
0 0.5171875 0.42696629213483145 0.021875 0.0898876404494382
0 0.9765625 0.4353932584269663 0.0140625 0.03932584269662921
0 0.0234375 0.4353932584269663 0.0109375 0.033707865168539325
0 0.81015625 0.3960674157303371 0.015625 0.056179775280898875
0 0.09609375 0.5140449438202247 0.0328125 0.06179775280898876
0 0.44296875 0.3960674157303371 0.009375 0.028089887640449437
0 0.975 0.22191011235955055 0.003125 0.02247191011235955
0 0.92109375 0.18258426966292135 0.0015625 0.016853932584269662
0 0.9296875 0.199438202247191 0.0046875 0.0449438202247191
0 0.5296875 0.4859550561797753 0.0453125 0.06179775280898876
