0 0.71796875 0.35093896713615025 0.0625 0.2605633802816901
0 0.39921875 0.3732394366197183 0.096875 0.29577464788732394
0 0.0014887578125 0.0008447394366197183 0.0001474859375 0.0007359647887323944
0 0.9015625 0.3051643192488263 0.0265625 0.051643192488262914
0 0.87890625 0.31338028169014087 0.0203125 0.03990610328638498
0 0.15234375 0.34624413145539906 0.05 0.14553990610328638
0 0.0765625 0.352112676056338 0.0390625 0.1596244131455399
0 0.2546875 0.35563380281690143 0.034375 0.16666666666666666
0 0.43671875 0.31338028169014087 0.0578125 0.1643192488262911
0 0.35859375 0.3004694835680751 0.0125 0.04225352112676056
0 0.35390625 0.3568075117370892 0.0390625 0.1572769953051643
0 0.29140625 0.352112676056338 0.0421875 0.17136150234741784
0 0.1953125 0.3591549295774648 0.0359375 0.14553990610328638
