0 0.22109375 0.6132404181184669 0.034375 0.289198606271777
0 0.04765625 0.5818815331010453 0.0390625 0.29965156794425085
0 0.15234375 0.5940766550522648 0.0296875 0.27177700348432055
0 0.60546875 0.6149825783972126 0.0296875 0.2682926829268293
0 0.41640625 0.6236933797909407 0.0515625 0.25435540069686413
0 0.45 0.60801393728223 0.025 0.27177700348432055
0 0.95625 0.60801393728223 0.0375 0.2926829268292683
0 0.55078125 0.6010452961672473 0.0484375 0.28222996515679444
0 0.26328125 0.6027874564459931 0.0296875 0.2613240418118467
0 0.32578125 0.6149825783972126 0.0328125 0.2578397212543554
0 0.38671875 0.5766550522648084 0.040625 0.30313588850174217
0 0.06484375 0.4895470383275261 0.0125 0.027874564459930314
0 0.515625 0.6236933797909407 0.0359375 0.2613240418118467
