0 0.19131455399061034 0.4578125 0.3544600938967136 0.38125
0 0.721830985915493 0.59453125 0.3004694835680751 0.3421875
0 0.6666666666666666 0.40078125 0.1056338028169014 0.059375
0 0.5199530516431925 0.3875 0.09624413145539906 0.109375
0 0.857981220657277 0.50546875 0.11267605633802817 0.125
0 0.7852112676056338 0.36796875 0.07511737089201878 0.0546875
0 0.744131455399061 0.328125 0.051643192488262914 0.0390625
0 0.9131455399061033 0.34921875 0.05868544600938967 0.053125
0 0.9788732394366197 0.36484375 0.03990610328638498 0.0515625
0 0.11150234741784038 0.259375 0.11502347417840375 0.0921875
0 0.1396713615023474 0.21171875 0.051643192488262914 0.0296875
0 0.5821596244131455 0.4515625 0.13145539906103287 0.134375
0 0.3215962441314554 0.27109375 0.11502347417840375 0.0828125
