0 0.92734375 0.49501246882793015 0.0375 0.06733167082294264
0 0.06328125 0.5847880299251871 0.028125 0.14713216957605985
0 0.6609375 0.29052369077306733 0.0203125 0.02493765586034913
0 0.028125 0.5174563591022444 0.025 0.07231920199501247
0 0.0328125 0.4837905236907731 0.0109375 0.032418952618453865
0 0.4953125 0.6571072319201995 0.071875 0.3192019950124688
0 0.34921875 0.5349127182044888 0.0140625 0.03740648379052369
0 0.91953125 0.44139650872817954 0.0328125 0.06733167082294264
0 0.9515625 0.4763092269326683 0.0234375 0.12219451371571072
0 0.08828125 0.557356608478803 0.0390625 0.06483790523690773
0 0.08046875 0.4538653366583541 0.0265625 0.08977556109725686
0 0.903125 0.5024937655860349 0.01875 0.06733167082294264
0 0.94375 0.5947630922693267 0.0234375 0.09226932668329177