0 0.4578125 0.6971830985915493 0.1515625 0.4460093896713615
0 0.56328125 0.6443661971830986 0.1046875 0.4765258215962441
0 0.21953125 0.5093896713615024 0.0359375 0.21830985915492956
0 0.04296875 0.5633802816901409 0.0828125 0.30985915492957744
0 0.08984375 0.5363849765258216 0.0515625 0.2652582159624413
0 0.1234375 0.4847417840375587 0.03125 0.1056338028169014
0 0.15859375 0.5492957746478874 0.053125 0.25821596244131456
0 0.66015625 0.3967136150234742 0.01875 0.03755868544600939
0 0.19375 0.5305164319248826 0.05 0.25821596244131456
0 0.62109375 0.4624413145539906 0.01875 0.08215962441314555
0 0.79609375 0.3908450704225352 0.0234375 0.12441314553990611
0 0.840625 0.42370892018779344 0.03125 0.12206572769953052