0 0.905152224824356 0.6046875 0.18969555035128804 0.25625
0 0.5936768149882904 0.21015625 0.0936768149882904 0.08125
0 0.382903981264637 0.56640625 0.3583138173302108 0.2859375
0 0.10187353629976581 0.3671875 0.13348946135831383 0.140625
0 0.43676814988290397 0.36796875 0.11943793911007025 0.1625
0 0.6358313817330211 0.3890625 0.1522248243559719 0.15
0 0.550351288056206 0.40703125 0.09133489461358314 0.11875
0 0.7833723653395784 0.6125 0.20374707259953162 0.2390625
0 0.2693208430913349 0.37734375 0.13114754098360656 0.1375
0 0.36885245901639346 0.1265625 0.04215456674473068 0.0578125
0 0.7166276346604216 0.15390625 0.06791569086651054 0.0671875
0 0.7540983606557377 0.340625 0.08196721311475409 0.05
0 0.45550351288056207 0.146875 0.07728337236533958 0.075