0 0.190625 0.6135416666666667 0.0515625 0.05625
0 0.68671875 0.575 0.0078125 0.029166666666666667
0 0.8140625 0.6635416666666667 0.06875 0.052083333333333336
0 0.85625 0.665625 0.01875 0.041666666666666664
0 0.82890625 0.6104166666666667 0.0171875 0.029166666666666667
0 0.803125 0.61875 0.0328125 0.05625
0 0.67578125 0.5760416666666667 0.0109375 0.03125
0 0.6578125 0.5333333333333333 0.00625 0.010416666666666666
0 0.56484375 0.5645833333333333 0.015625 0.075
0 0.7609375 0.5927083333333333 0.0171875 0.07708333333333334
0 0.49453125 0.5645833333333333 0.015625 0.075
0 0.846875 0.6145833333333334 0.034375 0.04375
