0 0.3984375 0.5 0.1546875 0.7066974595842956
0 0.465625 0.3833718244803695 0.1203125 0.49191685912240185
0 0.55703125 0.3187066974595843 0.09375 0.4110854503464203
0 0.7640625 0.5103926096997691 0.471875 0.953810623556582
0 0.14296875 0.5392609699769053 0.2765625 0.8983833718244804
0 0.2953125 0.27136258660508084 0.0359375 0.2678983833718245
0 0.25546875 0.5681293302540416 0.1390625 0.859122401847575
0 0.03984375 0.23672055427251731 0.0546875 0.13856812933025403
0 0.0109375 0.2690531177829099 0.021875 0.13394919168591224
0 0.6140625 0.39376443418013857 0.128125 0.4064665127020785
0 0.02109375 0.22632794457274827 0.03125 0.07159353348729793
