0 0.7623529411764706 0.52265625 0.10588235294117647 0.1546875
0 0.9470588235294117 0.45 0.05176470588235294 0.1015625
0 0.6341176470588236 0.446875 0.08470588235294117 0.103125
0 0.7929411764705883 0.4140625 0.042352941176470586 0.0765625
0 0.6635294117647059 0.3828125 0.018823529411764704 0.0296875
0 0.05058823529411765 0.4109375 0.04470588235294118 0.0671875
0 0.09176470588235294 0.38984375 0.03058823529411765 0.053125
0 0.14 0.38203125 0.03764705882352941 0.0484375
0 0.17411764705882352 0.39375 0.04 0.0515625
0 0.1223529411764706 0.41640625 0.05411764705882353 0.0609375
0 0.7505882352941177 0.3921875 0.03764705882352941 0.0390625
0 0.9188235294117647 0.41171875 0.047058823529411764 0.078125
0 0.7329411764705882 0.4234375 0.047058823529411764 0.0671875
