0 0.3828125 0.7295081967213115 0.2171875 0.5199063231850117
0 0.77265625 0.46604215456674475 0.0609375 0.0702576112412178
0 0.64765625 0.4531615925058548 0.0390625 0.09133489461358314
0 0.728125 0.45901639344262296 0.034375 0.03278688524590164
0 0.940625 0.5456674473067916 0.0296875 0.24121779859484777
0 0.4546875 0.4566744730679157 0.0484375 0.07259953161592506
0 0.62109375 0.47306791569086654 0.0734375 0.09601873536299765
0 0.775 0.5737704918032787 0.05625 0.07259953161592506
0 0.603125 0.5480093676814989 0.0828125 0.22716627634660422
0 0.75703125 0.38992974238875877 0.0171875 0.05152224824355972
0 0.96015625 0.550351288056206 0.0375 0.2693208430913349
0 0.790625 0.40398126463700235 0.025 0.05152224824355972
