0 0.1421875 0.3253968253968254 0.1109375 0.4623015873015873
0 0.60546875 0.5634920634920635 0.2921875 0.6468253968253969
0 0.7234375 0.12400793650793651 0.071875 0.16666666666666666
0 0.784375 0.1001984126984127 0.078125 0.14484126984126985
0 0.86328125 0.12003968253968254 0.0921875 0.16468253968253968
0 0.0014882453125 0.0003231686507936508 0.00014851093750000002 0.00015668253968253968
0 0.8140625 0.03968253968253968 0.0328125 0.07738095238095238
0 0.83046875 0.05654761904761905 0.053125 0.1130952380952381
0 0.0014821906249999999 0.00018862896825396825 0.0001606203125 0.000341593253968254
0 0.89140625 0.061507936507936505 0.059375 0.12301587301587301
0 0.928125 0.03968253968253968 0.0390625 0.05952380952380952
0 0.75625 0.0496031746031746 0.034375 0.0992063492063492
