0 0.6328125 0.5761124121779859 0.1875 0.8079625292740047
0 0.8375 0.5351288056206089 0.275 0.9297423887587822
0 0.2328125 0.5761124121779859 0.25 0.819672131147541
0 0.340625 0.3114754098360656 0.0859375 0.2107728337236534
0 0.45546875 0.5960187353629977 0.2375 0.7704918032786885
0 0.39921875 0.2939110070257611 0.053125 0.12412177985948478
0 0.02578125 0.5105386416861827 0.05 0.3583138173302108
0 0.51953125 0.3161592505854801 0.075 0.17798594847775176
0 0.55859375 0.2997658079625293 0.040625 0.10304449648711944
0 0.69921875 0.29508196721311475 0.0421875 0.0702576112412178
0 0.7203125 0.2822014051522248 0.021875 0.06323185011709602