0 0.65703125 0.4423529411764706 0.5953125 0.8611764705882353
0 0.32265625 0.611764705882353 0.065625 0.1811764705882353
0 0.11484375 0.5847058823529412 0.0453125 0.2
0 0.20546875 0.5788235294117647 0.0328125 0.10352941176470588
0 0.40234375 0.5411764705882353 0.0515625 0.12470588235294118
0 0.95859375 0.5564705882352942 0.059375 0.2823529411764706
0 0.82578125 0.5529411764705883 0.03125 0.2164705882352941
0 0.86484375 0.5894117647058823 0.040625 0.23294117647058823
0 0.31484375 0.4988235294117647 0.04375 0.06588235294117648
0 0.35703125 0.5364705882352941 0.0421875 0.12
0 0.84765625 0.5223529411764706 0.0296875 0.12705882352941175
0 0.66640625 0.6317647058823529 0.05 0.11294117647058824
0 0.9109375 0.5705882352941176 0.046875 0.2188235294117647