0 0.1390625 0.6354166666666666 0.00625 0.013888888888888888
0 0.159375 0.7280092592592593 0.025 0.12037037037037036
0 0.3484375 0.8125 0.096875 0.12962962962962962
0 0.23671875 0.7129629629629629 0.021875 0.09490740740740741
0 0.34609375 0.6898148148148148 0.028125 0.11805555555555555
0 0.73203125 0.6666666666666666 0.05625 0.08564814814814815
0 0.8375 0.6921296296296297 0.028125 0.12037037037037036
0 0.1328125 0.7245370370370371 0.0296875 0.1388888888888889
0 0.20390625 0.7418981481481481 0.028125 0.16435185185185186
0 0.428125 0.6712962962962963 0.0203125 0.07175925925925926
0 0.3609375 0.6747685185185185 0.0203125 0.11342592592592593
0 0.5875 0.6747685185185185 0.0390625 0.06481481481481481
0 0.5578125 0.6620370370370371 0.0203125 0.12962962962962962
