0 0.53203125 0.45433255269320844 0.409375 0.5152224824355972
0 0.109375 0.7096018735362998 0.215625 0.5573770491803278
0 0.05234375 0.31381733021077285 0.1046875 0.22716627634660422
0 0.08671875 0.31733021077283374 0.0875 0.1990632318501171
0 0.29453125 0.4016393442622951 0.2984375 0.4332552693208431
0 0.75078125 0.49882903981264637 0.4984375 0.9437939110070258
0 0.2234375 0.6557377049180327 0.20625 0.5550351288056206
0 0.70703125 0.4133489461358314 0.0546875 0.12177985948477751
0 0.6890625 0.563231850117096 0.3140625 0.2857142857142857
0 0.54609375 0.21428571428571427 0.0984375 0.1358313817330211
0 0.7421875 0.38992974238875877 0.065625 0.18032786885245902
0 0.68515625 0.3372365339578454 0.0703125 0.1405152224824356