0 0.5171717171717172 0.556 0.4262626262626263 0.708
0 0.24343434343434345 0.205 0.18787878787878787 0.168
0 0.5393939393939394 0.203 0.13737373737373737 0.162
0 0.4717171717171717 0.121 0.12323232323232323 0.208
0 0.3838383838383838 0.211 0.13131313131313133 0.156
0 0.7373737373737373 0.107 0.1191919191919192 0.21
0 0.32727272727272727 0.113 0.1191919191919192 0.204
0 0.6 0.096 0.12121212121212122 0.19
0 0.39494949494949494 0.049 0.09696969696969697 0.098
0 0.6333333333333333 0.18 0.06464646464646465 0.156
0 0.6828282828282828 0.191 0.10707070707070707 0.134