0 0.58984375 0.48674242424242425 0.421875 0.8882575757575758
0 0.75703125 0.47632575757575757 0.140625 0.5416666666666666
0 0.82421875 0.16761363636363635 0.0484375 0.12121212121212122
0 0.3078125 0.16382575757575757 0.053125 0.14015151515151514
0 0.225 0.20265151515151514 0.06875 0.08333333333333333
0 0.33671875 0.21401515151515152 0.0765625 0.06818181818181818
0 0.3953125 0.20928030303030304 0.0546875 0.0928030303030303
0 0.73515625 0.19886363636363635 0.0671875 0.09848484848484848
0 0.85703125 0.21496212121212122 0.075 0.08333333333333333
0 0.64609375 0.07007575757575757 0.0703125 0.13636363636363635
0 0.15234375 0.10700757575757576 0.059375 0.0625
0 0.97109375 0.21401515151515152 0.0578125 0.09659090909090909
0 0.8875 0.19318181818181818 0.053125 0.12310606060606061