0 0.31328125 0.5552083333333333 0.253125 0.5979166666666667
0 0.13828125 0.440625 0.165625 0.37083333333333335
0 0.77890625 0.5541666666666667 0.3 0.5520833333333334
0 0.77734375 0.365625 0.1265625 0.2625
0 0.86875 0.1875 0.0859375 0.14791666666666667
0 0.70546875 0.328125 0.1015625 0.1875
0 0.625 0.20416666666666666 0.0734375 0.22083333333333333
0 0.5515625 0.18958333333333333 0.05625 0.16875
0 0.5125 0.19895833333333332 0.078125 0.17083333333333334
0 0.49921875 0.29583333333333334 0.1234375 0.17291666666666666
0 0.93828125 0.0375 0.1140625 0.04791666666666667
0 0.0765625 0.39375 0.1234375 0.6041666666666666
0 0.2734375 0.321875 0.0734375 0.175
