0 0.8282352941176471 0.75703125 0.1223529411764706 0.1546875
0 0.7670588235294118 0.46875 0.01411764705882353 0.025
0 0.9188235294117647 0.43671875 0.01411764705882353 0.0171875
0 0.98 0.44765625 0.011764705882352941 0.0203125
0 0.7482352941176471 0.4671875 0.023529411764705882 0.0234375
0 0.8694117647058823 0.44140625 0.018823529411764704 0.021875
0 0.9694117647058823 0.4484375 0.01411764705882353 0.021875
0 0.6152941176470588 0.4875 0.01647058823529412 0.034375
0 0.7635294117647059 0.44375 0.011764705882352941 0.01875
0 0.7282352941176471 0.43671875 0.009411764705882352 0.0171875
0 0.7741176470588236 0.43671875 0.011764705882352941 0.0203125
0 0.6235294117647059 0.48359375 0.007058823529411765 0.025
0 0.7541176470588236 0.43828125 0.011764705882352941 0.0203125