0 0.74140625 0.5552083333333333 0.009375 0.035416666666666666
0 0.615625 0.46145833333333336 0.0125 0.027083333333333334
0 0.76171875 0.5572916666666666 0.0078125 0.03333333333333333
0 0.71875 0.5166666666666667 0.0078125 0.03125
0 0.96015625 0.6260416666666667 0.0078125 0.020833333333333332
0 0.68515625 0.5458333333333333 0.0109375 0.0125
0 0.8546875 0.5760416666666667 0.00625 0.010416666666666666
0 0.90703125 0.6802083333333333 0.0125 0.022916666666666665
0 0.76171875 0.4979166666666667 0.0109375 0.029166666666666667
0 0.7140625 0.5364583333333334 0.015625 0.016666666666666666
0 0.65 0.4822916666666667 0.009375 0.029166666666666667
0 0.85390625 0.6520833333333333 0.0125 0.04375
0 0.94296875 0.6229166666666667 0.009375 0.025