0 0.18359375 0.5644028103044496 0.1 0.4332552693208431
0 0.25703125 0.48360655737704916 0.0375 0.11007025761124122
0 0.70703125 0.4484777517564403 0.009375 0.04215456674473068
0 0.69140625 0.4496487119437939 0.0140625 0.03278688524590164
0 0.67265625 0.4426229508196721 0.009375 0.03278688524590164
0 0.6484375 0.4449648711943794 0.009375 0.03278688524590164
0 0.63046875 0.45784543325526933 0.0171875 0.0585480093676815
0 0.6078125 0.4566744730679157 0.015625 0.0585480093676815
0 0.54296875 0.4519906323185012 0.0140625 0.06088992974238876
0 0.8921875 0.5456674473067916 0.059375 0.02810304449648712
0 0.0703125 0.46252927400468385 0.0140625 0.01873536299765808
0 0.4390625 0.5 0.0578125 0.1592505854800937
0 0.0828125 0.4637002341920375 0.0109375 0.01873536299765808