0 0.84609375 0.5414551607445008 0.225 0.7072758037225042
0 0.73046875 0.3730964467005076 0.096875 0.21996615905245348
0 0.68046875 0.3494077834179357 0.09375 0.2639593908629442
0 0.625 0.25888324873096447 0.06875 0.1353637901861252
0 0.49375 0.37055837563451777 0.096875 0.22165820642978004
0 0.49609375 0.2673434856175973 0.0703125 0.10998307952622674
0 0.5265625 0.4365482233502538 0.071875 0.13705583756345177
0 0.45234375 0.48646362098138746 0.0875 0.0829103214890017
0 0.084375 0.4957698815566836 0.0953125 0.13705583756345177
0 0.259375 0.3130287648054145 0.084375 0.12690355329949238
0 0.71796875 0.19627749576988154 0.075 0.12351945854483926
0 0.584375 0.3409475465313029 0.1078125 0.2470389170896785
0 0.2578125 0.22419627749576987 0.0421875 0.07106598984771574
