0 0.9354166666666667 0.7875 0.04791666666666667 0.0984375
0 0.9635416666666666 0.78671875 0.03958333333333333 0.096875
0 0.17604166666666668 0.78046875 0.07291666666666667 0.1640625
0 0.06354166666666666 0.80390625 0.041666666666666664 0.1125
0 0.040625 0.7890625 0.03333333333333333 0.0890625
0 0.490625 0.7546875 0.022916666666666665 0.0578125
0 0.7052083333333333 0.7375 0.022916666666666665 0.040625
0 0.8114583333333333 0.75 0.03333333333333333 0.0546875
0 0.029166666666666667 0.78984375 0.022916666666666665 0.08125
0 0.521875 0.7515625 0.058333333333333334 0.08125
0 0.10416666666666667 0.796875 0.03125 0.0609375
0 0.33541666666666664 0.78671875 0.04583333333333333 0.1
