0 0.36416861826697894 0.6296875 0.03981264637002342 0.090625
0 0.29156908665105385 0.67109375 0.03981264637002342 0.0875
0 0.8501170960187353 0.5703125 0.04918032786885246 0.0671875
0 0.9028103044496487 0.5625 0.03747072599531616 0.05625
0 0.9110070257611241 0.6078125 0.05152224824355972 0.075
0 0.9637002341920374 0.60390625 0.03747072599531616 0.059375
0 0.24473067915690866 0.684375 0.03747072599531616 0.06875
0 0.10187353629976581 0.68203125 0.05152224824355972 0.0875
0 0.1451990632318501 0.5640625 0.03044496487119438 0.053125
0 0.8266978922716628 0.46875 0.02107728337236534 0.0234375
0 0.5608899297423887 0.603125 0.02810304449648712 0.0671875
0 0.18032786885245902 0.9359375 0.10772833723653395 0.075
0 0.43208430913348944 0.93984375 0.1288056206088993 0.09375