0 0.344 0.43733333333333335 0.132 0.368
0 0.847 0.39066666666666666 0.254 0.7706666666666667
0 0.173 0.3506666666666667 0.062 0.10666666666666667
0 0.474 0.24133333333333334 0.022 0.06933333333333333
0 0.392 0.2773333333333333 0.046 0.04533333333333334
0 0.382 0.292 0.042 0.034666666666666665
0 0.123 0.356 0.08 0.11466666666666667
0 0.631 0.224 0.018 0.056
0 0.522 0.276 0.034 0.04
0 0.343 0.2813333333333333 0.036 0.056
0 0.46 0.3413333333333333 0.108 0.12533333333333332
0 0.119 0.26666666666666666 0.05 0.16
0 0.611 0.264 0.036 0.056
