0 0.65 0.33783783783783783 0.016 0.057057057057057055
0 0.667 0.33933933933933935 0.012 0.04504504504504504
0 0.73 0.33633633633633636 0.012 0.05405405405405406
0 0.793 0.33483483483483484 0.01 0.057057057057057055
0 0.773 0.34534534534534533 0.018 0.06006006006006006
0 0.836 0.34384384384384387 0.014 0.057057057057057055
0 0.865 0.33783783783783783 0.014 0.06606606606606606
0 0.693 0.34684684684684686 0.014 0.036036036036036036
0 0.892 0.3033033033033033 0.018 0.03003003003003003
0 0.826 0.32732732732732733 0.01 0.04504504504504504
0 0.987 0.32732732732732733 0.024 0.06306306306306306
0 0.528 0.44144144144144143 0.132 0.21921921921921922
0 0.893 0.33483483483483484 0.014 0.05105105105105105
