0 0.48203125 0.6349765258215962 0.159375 0.3755868544600939
0 0.63359375 0.7570422535211268 0.3 0.4671361502347418
0 0.33046875 0.43661971830985913 0.075 0.1596244131455399
0 0.3359375 0.3333333333333333 0.0359375 0.14084507042253522
0 0.72578125 0.31220657276995306 0.021875 0.0892018779342723
0 0.75859375 0.3204225352112676 0.0234375 0.09624413145539906
0 0.28046875 0.33215962441314556 0.034375 0.11502347417840375
0 0.81640625 0.3274647887323944 0.01875 0.08685446009389672
0 0.65 0.3403755868544601 0.025 0.14553990610328638
0 0.38046875 0.5070422535211268 0.09375 0.2605633802816901
0 0.628125 0.32511737089201875 0.0234375 0.09389671361502347
0 0.88828125 0.2652582159624413 0.0234375 0.08450704225352113
0 0.25390625 0.33568075117370894 0.0359375 0.12910798122065728