0 0.4515625 0.609375 0.03125 0.1375
0 0.49609375 0.6020833333333333 0.034375 0.13958333333333334
0 0.51484375 0.5989583333333334 0.025 0.11458333333333333
0 0.53984375 0.5916666666666667 0.0296875 0.09583333333333334
0 0.94375 0.60625 0.025 0.09375
0 0.89140625 0.5927083333333333 0.025 0.08125
0 0.68671875 0.5802083333333333 0.0125 0.05
0 0.36015625 0.5697916666666667 0.0171875 0.0375
0 0.409375 0.5708333333333333 0.021875 0.03958333333333333
0 0.984375 0.6010416666666667 0.0296875 0.1125
0 0.4796875 0.596875 0.01875 0.125
0 0.47109375 0.5583333333333333 0.0140625 0.03958333333333333
0 0.85859375 0.5958333333333333 0.0234375 0.07708333333333334