0 0.5921875 0.6035294117647059 0.16875 0.6658823529411765
0 0.81875 0.3 0.0375 0.10588235294117647
0 0.77734375 0.31529411764705884 0.0359375 0.13411764705882354
0 0.92109375 0.3341176470588235 0.0875 0.23294117647058823
0 0.965625 0.28823529411764703 0.06875 0.16470588235294117
0 0.346875 0.36470588235294116 0.05 0.10352941176470588
0 0.74921875 0.32235294117647056 0.0203125 0.08
0 0.24453125 0.36823529411764705 0.121875 0.1388235294117647
0 0.41796875 0.34941176470588237 0.0375 0.09176470588235294
0 0.45859375 0.32823529411764707 0.0390625 0.04941176470588235
0 0.278125 0.35058823529411764 0.0421875 0.07764705882352942
0 0.3125 0.32941176470588235 0.0265625 0.05647058823529412
0 0.5484375 0.5094117647058823 0.1 0.5458823529411765