0 0.3796875 0.44386694386694386 0.1546875 0.47193347193347196
0 0.3015625 0.35654885654885654 0.1125 0.3388773388773389
0 0.12265625 0.30145530145530147 0.0578125 0.09355509355509356
0 0.0625 0.2983367983367983 0.0375 0.12681912681912683
0 0.49375 0.3108108108108108 0.0515625 0.2785862785862786
0 0.62109375 0.3295218295218295 0.0875 0.10602910602910603
0 0.86328125 0.30665280665280664 0.040625 0.06652806652806653
0 0.75546875 0.44594594594594594 0.1515625 0.29313929313929316
0 0.77890625 0.5062370062370062 0.2640625 0.3492723492723493
0 0.7421875 0.3024948024948025 0.0796875 0.0997920997920998
0 0.20859375 0.30353430353430355 0.0453125 0.07068607068607069
