0 0.121875 0.7470023980815348 0.0140625 0.07913669064748201
0 0.140625 0.7314148681055156 0.0234375 0.09352517985611511
0 0.75703125 0.7541966426858513 0.040625 0.12949640287769784
0 0.73828125 0.7565947242206235 0.03125 0.12709832134292565
0 0.309375 0.7038369304556354 0.0078125 0.03597122302158273
0 0.41953125 0.7074340527577938 0.009375 0.03117505995203837
0 0.709375 0.7314148681055156 0.0171875 0.04316546762589928
0 0.7875 0.7470023980815348 0.0328125 0.10311750599520383
0 0.3171875 0.6990407673860911 0.0078125 0.026378896882494004
0 0.2859375 0.6894484412470024 0.0046875 0.026378896882494004
0 0.3703125 0.6966426858513189 0.0078125 0.02158273381294964