0 0.7484375 0.9760416666666667 0.01875 0.04791666666666667
0 0.44296875 0.9666666666666667 0.034375 0.04791666666666667
0 0.5765625 0.98125 0.021875 0.0375
0 0.31484375 0.9697916666666667 0.028125 0.041666666666666664
0 0.271875 0.971875 0.01875 0.0375
0 0.2140625 0.984375 0.0140625 0.029166666666666667
0 0.51484375 0.9864583333333333 0.0171875 0.027083333333333334
0 0.52578125 0.9739583333333334 0.0140625 0.03125
0 0.078125 0.9614583333333333 0.021875 0.03333333333333333
0 0.40625 0.9864583333333333 0.01875 0.027083333333333334
0 0.3640625 0.978125 0.0234375 0.04375
0 0.3515625 0.9770833333333333 0.0140625 0.029166666666666667