0 0.40234375 0.5597269624573379 0.190625 0.6382252559726962
0 0.6859375 0.6621160409556314 0.21875 0.45051194539249145
0 0.5125 0.37542662116040953 0.1078125 0.3037542662116041
0 0.3171875 0.2354948805460751 0.0953125 0.2935153583617747
0 0.8640625 0.6194539249146758 0.2390625 0.49146757679180886
0 0.3046875 0.3532423208191126 0.11875 0.27303754266211605
0 0.090625 0.34812286689419797 0.0984375 0.24914675767918087
0 0.9453125 0.41467576791808874 0.078125 0.2935153583617747
0 0.96796875 0.31399317406143346 0.0640625 0.6279863481228669
0 0.4421875 0.22866894197952217 0.090625 0.32764505119453924
0 0.01875 0.3856655290102389 0.0375 0.15699658703071673
0 0.51171875 0.9607508532423208 0.0546875 0.07849829351535836
0 0.79921875 0.46245733788395904 0.1421875 0.18088737201365188