0 0.5421875 0.58125 0.190625 0.375
0 0.33828125 0.290625 0.0390625 0.08958333333333333
0 0.8515625 0.6604166666666667 0.16875 0.2520833333333333
0 0.80703125 0.53125 0.078125 0.09583333333333334
0 0.4203125 0.2635416666666667 0.0453125 0.12291666666666666
0 0.14375 0.42916666666666664 0.0640625 0.08333333333333333
0 0.18515625 0.490625 0.071875 0.075
0 0.75859375 0.48125 0.0671875 0.17708333333333334
0 0.8234375 0.475 0.078125 0.125
0 0.3828125 0.375 0.0484375 0.10208333333333333
0 0.57578125 0.14375 0.0640625 0.09583333333333334
0 0.0828125 0.221875 0.065625 0.1
0 0.24453125 0.33958333333333335 0.078125 0.11666666666666667