0 0.54375 0.6358313817330211 0.2171875 0.6346604215456675
0 0.29765625 0.31030444964871196 0.0671875 0.08196721311475409
0 0.95078125 0.1358313817330211 0.0734375 0.11943793911007025
0 0.98984375 0.11826697892271663 0.0203125 0.0936768149882904
0 0.7578125 0.01990632318501171 0.040625 0.03747072599531616
0 0.70859375 0.02107728337236534 0.046875 0.04215456674473068
0 0.53515625 0.15105386416861827 0.05625 0.18969555035128804
0 0.3828125 0.30210772833723654 0.0734375 0.08665105386416862
0 0.4234375 0.14285714285714285 0.0609375 0.18032786885245902
0 0.48125 0.3079625292740047 0.053125 0.0702576112412178
0 0.23671875 0.17447306791569087 0.06875 0.17330210772833723
0 0.3015625 0.1358313817330211 0.059375 0.09836065573770492
0 0.2296875 0.3149882903981265 0.053125 0.06323185011709602
