0 0.25995316159250587 0.78359375 0.03981264637002342 0.0703125
0 0.11358313817330211 0.86015625 0.11475409836065574 0.278125
0 0.4180327868852459 0.8171875 0.04918032786885246 0.109375
0 0.7154566744730679 0.8234375 0.16627634660421545 0.125
0 0.03278688524590164 0.821875 0.06557377049180328 0.1796875
0 0.20491803278688525 0.8265625 0.06088992974238876 0.1515625
0 0.382903981264637 0.7765625 0.02810304449648712 0.0390625
0 0.46604215456674475 0.78515625 0.04918032786885246 0.059375
0 0.4929742388758782 0.8046875 0.04215456674473068 0.0359375
0 0.5210772833723654 0.77421875 0.05620608899297424 0.0453125
0 0.6065573770491803 0.7859375 0.0468384074941452 0.03125
0 0.5655737704918032 0.78984375 0.03747072599531616 0.05625
0 0.5234192037470726 0.81328125 0.06323185011709602 0.0484375