0 0.61953125 0.7136075949367089 0.01875 0.06329113924050633
0 0.703125 0.6661392405063291 0.028125 0.03164556962025317
0 0.4921875 0.7088607594936709 0.040625 0.03481012658227848
0 0.53515625 0.6756329113924051 0.0421875 0.05379746835443038
0 0.5875 0.7278481012658228 0.05 0.04113924050632911
0 0.746875 0.6281645569620253 0.0125 0.09177215189873418
0 0.72578125 0.6534810126582279 0.021875 0.05063291139240506
0 0.221875 0.7943037974683544 0.053125 0.07278481012658228
0 0.8171875 0.75 0.0375 0.11075949367088607
0 0.26328125 0.7943037974683544 0.0234375 0.05063291139240506
0 0.38671875 0.6772151898734177 0.0234375 0.03164556962025317
0 0.73046875 0.6170886075949367 0.0109375 0.03164556962025317
0 0.80859375 0.5775316455696202 0.0125 0.0189873417721519