0 0.3703125 0.34375 0.2046875 0.26666666666666666
0 0.0515625 0.81875 0.103125 0.27708333333333335
0 0.15078125 0.815625 0.1265625 0.27708333333333335
0 0.3640625 0.8166666666666667 0.1328125 0.2875
0 0.46953125 0.7885416666666667 0.0875 0.19375
0 0.54453125 0.7833333333333333 0.3 0.43333333333333335
0 0.81953125 0.7322916666666667 0.3609375 0.53125
0 0.8171875 0.7822916666666667 0.1046875 0.40625
0 0.8375 0.6385416666666667 0.0640625 0.15416666666666667
0 0.97109375 0.7239583333333334 0.0578125 0.20208333333333334
0 0.93671875 0.80625 0.0921875 0.16666666666666666
0 0.02734375 0.9229166666666667 0.0546875 0.15416666666666667
0 0.23828125 0.8583333333333333 0.053125 0.05