0 0.80703125 0.8020833333333334 0.05 0.19375
0 0.76015625 0.8010416666666667 0.046875 0.16041666666666668
0 0.21328125 0.8229166666666666 0.0390625 0.1125
0 0.575 0.75625 0.0171875 0.08125
0 0.55546875 0.7541666666666667 0.0203125 0.06458333333333334
0 0.53203125 0.7604166666666666 0.0125 0.08125
0 0.61328125 0.7614583333333333 0.01875 0.07708333333333334
0 0.63671875 0.7739583333333333 0.0125 0.075
0 0.78828125 0.7854166666666667 0.0234375 0.14791666666666667
0 0.653125 0.7604166666666666 0.021875 0.09583333333333334
0 0.93359375 0.7927083333333333 0.05 0.14791666666666667
0 0.48984375 0.7541666666666667 0.021875 0.07083333333333333
0 0.9109375 0.8791666666666667 0.0875 0.19375