0 0.89765625 0.5756501182033097 0.1609375 0.32860520094562645
0 0.75234375 0.4858156028368794 0.1171875 0.1773049645390071
0 0.528125 0.5354609929078015 0.071875 0.27423167848699764
0 0.490625 0.6205673758865248 0.1 0.3735224586288416
0 0.1984375 0.5319148936170213 0.0734375 0.20803782505910165
0 0.33984375 0.6465721040189125 0.134375 0.43498817966903075
0 0.18203125 0.6087470449172577 0.1109375 0.2978723404255319
0 0.1328125 0.6418439716312057 0.20625 0.48699763593380613
0 0.43046875 0.6950354609929078 0.1078125 0.458628841607565
0 0.9546875 0.4598108747044917 0.053125 0.12529550827423167
0 0.47421875 0.4243498817966903 0.065625 0.14893617021276595
0 0.63515625 0.5803782505910166 0.16875 0.34988179669030733
0 0.51796875 0.3806146572104019 0.0578125 0.07092198581560284
