0 0.31875 0.5239583333333333 0.378125 0.93125
0 0.6625 0.5197916666666667 0.3734375 0.9375
0 0.94453125 0.5666666666666667 0.1109375 0.6395833333333333
0 0.09765625 0.415625 0.0421875 0.15625
0 0.04921875 0.37916666666666665 0.0203125 0.07291666666666667
0 0.06953125 0.38645833333333335 0.0171875 0.05416666666666667
0 0.7703125 0.34375 0.0171875 0.06666666666666667
0 0.82734375 0.36666666666666664 0.0140625 0.07916666666666666
0 0.15859375 0.3802083333333333 0.0140625 0.07291666666666667
0 0.14375 0.36770833333333336 0.0203125 0.06041666666666667
0 0.03203125 0.3927083333333333 0.021875 0.05
0 0.0140625 0.3854166666666667 0.0203125 0.09375
0 0.21015625 0.35104166666666664 0.0125 0.014583333333333334