0 0.75 0.5133333333333333 0.156 0.616
0 0.145 0.464 0.162 0.664
0 0.044 0.45866666666666667 0.088 0.7066666666666667
0 0.977 0.24933333333333332 0.034 0.18133333333333335
0 0.245 0.26266666666666666 0.062 0.144
0 0.343 0.24133333333333334 0.05 0.16533333333333333
0 0.638 0.24533333333333332 0.032 0.168
0 0.69 0.244 0.036 0.16533333333333333
0 0.846 0.25733333333333336 0.02 0.152
0 0.313 0.2733333333333333 0.026 0.104
0 0.285 0.24666666666666667 0.03 0.17866666666666667
0 0.668 0.24533333333333332 0.03 0.176
0 0.945 0.25066666666666665 0.034 0.17066666666666666