0 0.823 0.6069277108433735 0.256 0.6144578313253012
0 0.732 0.44728915662650603 0.046 0.12650602409638553
0 0.586 0.5798192771084337 0.096 0.3433734939759036
0 0.494 0.4879518072289157 0.046 0.2710843373493976
0 0.331 0.49096385542168675 0.04 0.20481927710843373
0 0.238 0.4683734939759036 0.038 0.16265060240963855
0 0.266 0.4578313253012048 0.018 0.12951807228915663
0 0.463 0.5015060240963856 0.076 0.28313253012048195
0 0.649 0.46536144578313254 0.036 0.14457831325301204
0 0.414 0.4879518072289157 0.05 0.25301204819277107
0 0.377 0.4819277108433735 0.048 0.2740963855421687
0 0.058 0.6340361445783133 0.116 0.47289156626506024
0 0.205 0.4713855421686747 0.036 0.1686746987951807
