0 0.17734375 0.6834112149532711 0.0125 0.04439252336448598
0 0.15625 0.6892523364485982 0.009375 0.04205607476635514
0 0.2046875 0.6904205607476636 0.0125 0.035046728971962614
0 0.2 0.6495327102803738 0.009375 0.028037383177570093
0 0.23828125 0.6483644859813084 0.0125 0.030373831775700934
0 0.38203125 0.6845794392523364 0.0078125 0.016355140186915886
0 0.4 0.6939252336448598 0.0125 0.02102803738317757
0 0.75234375 0.6296728971962616 0.00625 0.03271028037383177
0 0.8 0.6320093457943925 0.0078125 0.030373831775700934
0 0.20078125 0.6950934579439252 0.00625 0.018691588785046728
0 0.16640625 0.6939252336448598 0.009375 0.03271028037383177
0 0.31875 0.7079439252336449 0.0125 0.02570093457943925
0 0.325 0.6355140186915887 0.0125 0.0397196261682243
