0 0.9203125 0.5625 0.1078125 0.4354166666666667
0 0.76875 0.6041666666666666 0.134375 0.5666666666666667
0 0.609375 0.5458333333333333 0.0703125 0.2916666666666667
0 0.559375 0.5635416666666667 0.0921875 0.27291666666666664
0 0.2328125 0.45729166666666665 0.0421875 0.1625
0 0.3078125 0.44895833333333335 0.046875 0.17916666666666667
0 0.828125 0.609375 0.0625 0.5145833333333333
0 0.53046875 0.44375 0.0546875 0.10625
0 0.46953125 0.49375 0.05625 0.22291666666666668
0 0.71328125 0.6041666666666666 0.121875 0.48333333333333334
0 0.8609375 0.440625 0.0421875 0.12916666666666668
0 0.6765625 0.5427083333333333 0.06875 0.32083333333333336
0 0.23828125 0.3802083333333333 0.0265625 0.0875