0 0.09140625 0.521875 0.0421875 0.13541666666666666
0 0.14140625 0.49375 0.03125 0.05625
0 0.1203125 0.5052083333333334 0.028125 0.09583333333333334
0 0.959375 0.4822916666666667 0.0140625 0.075
0 0.9328125 0.4822916666666667 0.0203125 0.06458333333333334
0 0.99140625 0.50625 0.0171875 0.08125
0 0.91328125 0.47291666666666665 0.0109375 0.07083333333333333
0 0.89375 0.47708333333333336 0.0140625 0.058333333333333334
0 0.884375 0.48125 0.009375 0.05416666666666667
0 0.921875 0.475 0.0109375 0.06041666666666667
0 0.296875 0.4979166666666667 0.0578125 0.09791666666666667