0 0.963 0.9069069069069069 0.014 0.04804804804804805
0 0.92 0.918918918918919 0.01 0.024024024024024024
0 0.768 0.9129129129129129 0.01 0.03303303303303303
0 0.743 0.9099099099099099 0.008 0.03303303303303303
0 0.429 0.9099099099099099 0.008 0.024024024024024024
0 0.285 0.9174174174174174 0.008 0.03303303303303303
0 0.642 0.9114114114114115 0.008 0.024024024024024024
0 0.567 0.9159159159159159 0.008 0.021021021021021023
0 0.705 0.9144144144144144 0.01 0.036036036036036036
0 0.00007916 0.0028665165165165166 0.00013152 0.000272975975975976
0 0.307 0.9144144144144144 0.006 0.03003003003003003
0 0.817 0.9219219219219219 0.012 0.04804804804804805
0 0.759 0.9129129129129129 0.008 0.03303303303303303