0 0.728125 0.6513409961685823 0.1359375 0.18007662835249041
0 0.6546875 0.5823754789272031 0.0328125 0.07088122605363985
0 0.2625 0.5775862068965517 0.0625 0.11302681992337164
0 0.32734375 0.578544061302682 0.053125 0.09195402298850575
0 0.36484375 0.5727969348659003 0.034375 0.07662835249042145
0 0.40859375 0.5689655172413793 0.025 0.06321839080459771
0 0.2234375 0.5862068965517241 0.0609375 0.11302681992337164
0 0.72890625 0.6293103448275862 0.08125 0.15134099616858238
0 0.87578125 0.5622605363984674 0.0140625 0.05172413793103448
0 0.27109375 0.5814176245210728 0.05 0.09770114942528736
0 0.54375 0.5411877394636015 0.01875 0.05363984674329502
0 0.5703125 0.5114942528735632 0.009375 0.034482758620689655