0 0.53125 0.646875 0.18125 0.5708333333333333
0 0.8078125 0.6427083333333333 0.1953125 0.525
0 0.56796875 0.440625 0.1171875 0.34375
0 0.3875 0.528125 0.1421875 0.48541666666666666
0 0.0375 0.4822916666666667 0.075 0.4666666666666667
0 0.084375 0.228125 0.0671875 0.17291666666666666
0 0.2140625 0.20208333333333334 0.06875 0.15416666666666667
0 0.19609375 0.4083333333333333 0.1109375 0.31666666666666665
0 0.934375 0.23333333333333334 0.0671875 0.1625
0 0.20703125 0.596875 0.1421875 0.5604166666666667
0 0.103125 0.6302083333333334 0.171875 0.5666666666666667
0 0.8328125 0.24375 0.09375 0.15416666666666667
0 0.83828125 0.16770833333333332 0.04375 0.10625
