0 0.2109375 0.5614583333333333 0.3625 0.8375
0 0.53671875 0.3697916666666667 0.1984375 0.39166666666666666
0 0.834375 0.18541666666666667 0.0765625 0.3145833333333333
0 0.1375 0.175 0.1140625 0.33125
0 0.19921875 0.08229166666666667 0.0375 0.125
0 0.48515625 0.08645833333333333 0.01875 0.06875
0 0.578125 0.11145833333333334 0.0671875 0.20416666666666666
0 0.6203125 0.06145833333333333 0.0328125 0.03958333333333333
0 0.54140625 0.17083333333333334 0.0140625 0.029166666666666667
0 0.64453125 0.03854166666666667 0.0140625 0.05
0 0.32578125 0.16041666666666668 0.071875 0.22291666666666668
0 0.66171875 0.05520833333333333 0.01875 0.05416666666666667