0 0.49921875 0.5098039215686274 0.021875 0.03333333333333333
0 0.534375 0.4068627450980392 0.040625 0.0784313725490196
0 0.94296875 0.8519607843137255 0.065625 0.2196078431372549
0 0.575 0.9313725490196079 0.0484375 0.07647058823529412
0 0.05078125 0.7696078431372549 0.046875 0.1843137254901961
0 0.13203125 0.4950980392156863 0.0140625 0.060784313725490195
0 0.49453125 0.5147058823529411 0.0671875 0.10196078431372549
0 0.8234375 0.6088235294117647 0.06875 0.1588235294117647
0 0.83671875 0.45098039215686275 0.0640625 0.10980392156862745
0 0.59296875 0.5068627450980392 0.0390625 0.07254901960784314
0 0.98359375 0.5284313725490196 0.0328125 0.11764705882352941
0 0.0625 0.7441176470588236 0.0375 0.1843137254901961
0 0.075 0.5568627450980392 0.0296875 0.07450980392156863