0 0.32734375 0.4959016393442623 0.3328125 0.6495901639344263
0 0.128125 0.3206967213114754 0.0890625 0.26639344262295084
0 0.0234375 0.3155737704918033 0.046875 0.26434426229508196
0 0.76953125 0.6475409836065574 0.4609375 0.5430327868852459
0 0.69609375 0.025614754098360656 0.0984375 0.04918032786885246
0 0.61875 0.027663934426229508 0.0640625 0.05327868852459016
0 0.7828125 0.014344262295081968 0.084375 0.028688524590163935
0 0.88203125 0.01639344262295082 0.0890625 0.030737704918032786
0 0.95078125 0.015368852459016393 0.071875 0.030737704918032786
0 0.7484375 0.29098360655737704 0.1421875 0.18032786885245902
0 0.40859375 0.02663934426229508 0.0765625 0.05327868852459016
0 0.65 0.02459016393442623 0.059375 0.04918032786885246
0 0.51875 0.02663934426229508 0.090625 0.05327868852459016