0 0.8228346456692913 0.62109375 0.09055118110236221 0.24375
0 0.25098425196850394 0.7453125 0.13385826771653545 0.30625
0 0.44881889763779526 0.5171875 0.025590551181102362 0.028125
0 0.4271653543307087 0.52265625 0.03937007874015748 0.0390625
0 0.359251968503937 0.53125 0.03740157480314961 0.0328125
0 0.15649606299212598 0.69921875 0.13582677165354332 0.10625
0 0.20374015748031496 0.56484375 0.03740157480314961 0.04375
0 0.37401574803149606 0.5203125 0.027559055118110236 0.034375
0 0.937992125984252 0.471875 0.01968503937007874 0.0390625
0 0.8572834645669292 0.5390625 0.04133858267716536 0.0421875
0 0.9429133858267716 0.5046875 0.03346456692913386 0.0375
0 0.9862204724409449 0.50234375 0.023622047244094488 0.0328125
0 0.6938976377952756 0.47890625 0.03346456692913386 0.0703125