0 0.571875 0.5375 0.1578125 0.32916666666666666
0 0.1015625 0.38645833333333335 0.08125 0.26458333333333334
0 0.70546875 0.34270833333333334 0.0359375 0.13958333333333334
0 0.14140625 0.390625 0.0359375 0.21041666666666667
0 0.1890625 0.3770833333333333 0.0359375 0.16458333333333333
0 0.20859375 0.33125 0.025 0.09583333333333334
0 0.396875 0.3302083333333333 0.028125 0.10625
0 0.36953125 0.32395833333333335 0.021875 0.07708333333333334
0 0.875 0.35833333333333334 0.034375 0.14166666666666666
0 0.04140625 0.4197916666666667 0.059375 0.18333333333333332
0 0.065625 0.38333333333333336 0.04375 0.21458333333333332
0 0.67421875 0.35 0.03125 0.14166666666666666
0 0.1609375 0.35520833333333335 0.0375 0.14791666666666667