0 0.51015625 0.23536299765807964 0.11875 0.1405152224824356
0 0.4796875 0.21662763466042154 0.1046875 0.1756440281030445
0 0.803125 0.38173302107728335 0.1484375 0.1288056206088993
0 0.8140625 0.2459016393442623 0.09375 0.1522248243559719
0 0.3359375 0.25175644028103045 0.0640625 0.13348946135831383
0 0.1859375 0.18266978922716628 0.0421875 0.18969555035128804
0 0.65625 0.20608899297423888 0.0359375 0.09601873536299765
0 0.88828125 0.1791569086651054 0.0703125 0.13817330210772832
0 0.3953125 0.24941451990632318 0.04375 0.07494145199063232
0 0.93046875 0.20725995316159251 0.128125 0.16159250585480095
0 0.0014432499999999999 0.000788519906323185 0.0002385015625 0.00037152693208430916
0 0.9375 0.30210772833723654 0.125 0.18032786885245902