0 0.0005394046875 0.001381302752293578 0.0008922359375 0.001824552752293578
0 0.89296875 0.4461009174311927 0.1578125 0.4197247706422018
0 0.19375 0.23509174311926606 0.11875 0.26146788990825687
0 0.51875 0.16628440366972477 0.0921875 0.1444954128440367
0 0.334375 0.2190366972477064 0.090625 0.22706422018348624
0 0.83125 0.2006880733944954 0.1015625 0.21330275229357798
0 0.9703125 0.19839449541284404 0.059375 0.23853211009174313
0 0.28125 0.2213302752293578 0.06875 0.20871559633027523
0 0.22421875 0.12155963302752294 0.0375 0.0779816513761468
0 0.76015625 0.19839449541284404 0.078125 0.21559633027522937
0 0.059375 0.21674311926605505 0.1125 0.24541284403669725
0 0.40625 0.2098623853211009 0.1359375 0.22935779816513763
0 0.67578125 0.1823394495412844 0.1078125 0.2591743119266055