0 0.64609375 0.965625 0.115625 0.06875
0 0.5078125 0.9135416666666667 0.0328125 0.15833333333333333
0 0.46484375 0.8635416666666667 0.0328125 0.09583333333333334
0 0.465625 0.9479166666666666 0.0296875 0.10416666666666667
0 0.43984375 0.9375 0.0390625 0.11041666666666666
0 0.6515625 0.8833333333333333 0.03125 0.09791666666666667
0 0.859375 0.9010416666666666 0.0375 0.07083333333333333
0 0.9015625 0.903125 0.04375 0.06666666666666667
0 0.15625 0.8697916666666666 0.1875 0.2604166666666667
0 0.675 0.675 0.009375 0.029166666666666667
