0 0.671875 0.6739583333333333 0.125 0.2833333333333333
0 0.3609375 0.509375 0.0734375 0.25
0 0.31953125 0.5197916666666667 0.0953125 0.18333333333333332
0 0.4609375 0.39375 0.0484375 0.03958333333333333
0 0.21015625 0.3729166666666667 0.0484375 0.08958333333333333
0 0.08984375 0.3645833333333333 0.05 0.1
0 0.70390625 0.34479166666666666 0.046875 0.058333333333333334
0 0.378125 0.315625 0.053125 0.07291666666666667
0 0.35390625 0.30104166666666665 0.0328125 0.06666666666666667
0 0.5125 0.396875 0.0359375 0.041666666666666664
0 0.61328125 0.38958333333333334 0.05 0.05625
0 0.24765625 0.40208333333333335 0.0203125 0.025
0 0.13828125 0.3572916666666667 0.0359375 0.08333333333333333