0 0.753 0.5973333333333334 0.368 0.6853333333333333
0 0.71 0.20666666666666667 0.092 0.39466666666666667
0 0.555 0.15333333333333332 0.062 0.24266666666666667
0 0.981 0.5506666666666666 0.038 0.45866666666666667
0 0.456 0.14 0.042 0.232
0 0.858 0.18533333333333332 0.06 0.19466666666666665
0 0.947 0.19066666666666668 0.098 0.3333333333333333
0 0.504 0.15866666666666668 0.09 0.2613333333333333
0 0.042 0.116 0.062 0.168
0 0.04 0.236 0.078 0.21866666666666668
0 0.907 0.144 0.062 0.27466666666666667
