0 0.21796875 0.7658045977011494 0.0375 0.07471264367816093
0 0.490625 0.742816091954023 0.0171875 0.04885057471264368
0 0.5109375 0.7399425287356322 0.0296875 0.05459770114942529
0 0.15390625 0.7729885057471264 0.046875 0.13793103448275862
0 0.31484375 0.7658045977011494 0.046875 0.08333333333333333
0 0.44140625 0.7399425287356322 0.028125 0.06321839080459771
0 0.6140625 0.742816091954023 0.021875 0.03735632183908046
0 0.63515625 0.728448275862069 0.01875 0.05172413793103448
0 0.6515625 0.7327586206896551 0.0109375 0.04310344827586207
0 0.67109375 0.7298850574712644 0.0125 0.034482758620689655
0 0.41640625 0.735632183908046 0.0265625 0.07471264367816093
0 0.58046875 0.742816091954023 0.0171875 0.040229885057471264
0 0.73125 0.7198275862068966 0.009375 0.03735632183908046
