0 0.7234375 0.7295081967213115 0.3890625 0.5152224824355972
0 0.78515625 0.20491803278688525 0.0484375 0.14285714285714285
0 0.94609375 0.5327868852459017 0.1015625 0.22716627634660422
0 0.71015625 0.21662763466042154 0.0609375 0.08899297423887588
0 0.78671875 0.48009367681498827 0.1 0.3161592505854801
0 0.565625 0.17798594847775176 0.0578125 0.11943793911007025
0 0.59921875 0.17447306791569087 0.0609375 0.13348946135831383
0 0.42265625 0.15456674473067916 0.05625 0.1288056206088993
0 0.965625 0.25526932084309134 0.05625 0.11007025761124122
0 0.925 0.25175644028103045 0.0453125 0.09836065573770492
0 0.890625 0.24707259953161592 0.046875 0.09133489461358314
0 0.62734375 0.1791569086651054 0.0640625 0.1405152224824356
0 0.8609375 0.22833723653395785 0.059375 0.11007025761124122