0 0.8421875 0.509367681498829 0.2125 0.28805620608899296
0 0.61328125 0.13348946135831383 0.090625 0.26697892271662765
0 0.6953125 0.18266978922716628 0.1671875 0.36533957845433257
0 0.821875 0.18969555035128804 0.19375 0.36533957845433257
0 0.8453125 0.34543325526932084 0.2359375 0.38875878220140514
0 0.271875 0.41100702576112413 0.1765625 0.3911007025761124
0 0.47578125 0.14402810304449648 0.109375 0.28337236533957844
0 0.3109375 0.5175644028103045 0.1890625 0.3044496487119438
0 0.903125 0.9391100702576113 0.19375 0.12177985948477751
0 0.90703125 0.5679156908665105 0.1828125 0.29508196721311475
0 0.8 0.06674473067915691 0.08125 0.13348946135831383
0 0.93125 0.0936768149882904 0.1375 0.18501170960187355
0 0.2375 0.06908665105386416 0.059375 0.11943793911007025
