0 0.5 0.3469626168224299 0.20625 0.6495327102803738
0 0.16640625 0.6904205607476636 0.0484375 0.23598130841121495
0 0.76484375 0.7978971962616822 0.0515625 0.10747663551401869
0 0.27109375 0.7091121495327103 0.0546875 0.16121495327102803
0 0.64375 0.7838785046728972 0.0296875 0.05841121495327103
0 0.7859375 0.8329439252336449 0.025 0.0514018691588785
0 0.12265625 0.6460280373831776 0.0359375 0.1378504672897196
0 0.66015625 0.7511682242990654 0.04375 0.06542056074766354
0 0.43515625 0.7301401869158879 0.0484375 0.04906542056074766
0 0.0015293218750000001 0.0020393434579439253 0.0000663578125 0.0002506214953271028
0 0.01015625 0.6495327102803738 0.0203125 0.18925233644859812
0 0.2140625 0.7102803738317757 0.075 0.18691588785046728
0 0.078125 0.5992990654205608 0.0515625 0.13317757009345793