0 0.06171875 0.5 0.1234375 0.965034965034965
0 0.14140625 0.5617715617715617 0.2265625 0.8624708624708625
0 0.35546875 0.6398601398601399 0.15625 0.6993006993006993
0 0.590625 0.6841491841491841 0.1265625 0.6037296037296037
0 0.67734375 0.6713286713286714 0.13125 0.6153846153846154
0 0.75703125 0.7074592074592074 0.1265625 0.585081585081585
0 0.978125 0.6433566433566433 0.04375 0.3356643356643357
0 0.890625 0.7226107226107226 0.0828125 0.5547785547785548
0 0.8140625 0.7004662004662005 0.115625 0.5990675990675991
0 0.95234375 0.7575757575757576 0.0859375 0.4825174825174825
0 0.26484375 0.6037296037296037 0.1875 0.7925407925407926
0 0.97109375 0.5116550116550117 0.0234375 0.05128205128205128
0 0.47890625 0.5151515151515151 0.128125 0.337995337995338
