0 0.9560185185185185 0.83828125 0.04398148148148148 0.0703125
0 0.8738425925925926 0.8375 0.03935185185185185 0.0671875
0 0.8402777777777778 0.83984375 0.03009259259259259 0.0625
0 0.7835648148148148 0.84921875 0.027777777777777776 0.0328125
0 0.75 0.8359375 0.02546296296296296 0.0640625
0 0.6134259259259259 0.83046875 0.02546296296296296 0.0484375
0 0.5810185185185185 0.83203125 0.032407407407407406 0.046875
0 0.5636574074074074 0.8234375 0.013888888888888888 0.034375
0 0.33912037037037035 0.81171875 0.011574074074074073 0.0171875
0 0.6840277777777778 0.8234375 0.016203703703703703 0.0484375
0 0.4849537037037037 0.8328125 0.020833333333333332 0.0421875
0 0.5370370370370371 0.83359375 0.023148148148148147 0.04375
0 0.3993055555555556 0.8234375 0.016203703703703703 0.03125
