0 0.5890625 0.6010416666666667 0.278125 0.55
0 0.14140625 0.44375 0.0265625 0.07291666666666667
0 0.1703125 0.44166666666666665 0.03125 0.07708333333333334
0 0.1828125 0.4041666666666667 0.015625 0.07291666666666667
0 0.13046875 0.41041666666666665 0.0203125 0.07291666666666667
0 0.04140625 0.4375 0.0203125 0.09791666666666667
0 0.7765625 0.38958333333333334 0.028125 0.03125
0 0.86328125 0.40625 0.021875 0.058333333333333334
0 0.8328125 0.39166666666666666 0.0390625 0.07291666666666667
0 0.35625 0.42604166666666665 0.021875 0.03333333333333333
0 0.31953125 0.39166666666666666 0.040625 0.04791666666666667
0 0.0014948734375 0.0008683166666666667 0.0001352546875 0.0007720479166666666
0 0.2859375 0.43125 0.00625 0.06041666666666667