0 0.06484375 0.31338028169014087 0.0171875 0.03051643192488263
0 0.43671875 0.5563380281690141 0.1703125 0.8333333333333334
0 0.1578125 0.31572769953051644 0.0078125 0.025821596244131457
0 0.55546875 0.3286384976525822 0.0125 0.04225352112676056
0 0.36328125 0.33098591549295775 0.009375 0.04929577464788732
0 0.875 0.3380281690140845 0.0125 0.04460093896713615
0 0.765625 0.31220657276995306 0.009375 0.01643192488262911
0 0.353125 0.3286384976525822 0.015625 0.051643192488262914
0 0.9828125 0.33568075117370894 0.0109375 0.04225352112676056
0 0.93359375 0.3485915492957746 0.009375 0.02112676056338028
0 0.1078125 0.31572769953051644 0.00625 0.03051643192488263
0 0.92421875 0.34976525821596244 0.0125 0.02112676056338028
0 0.11484375 0.32629107981220656 0.0109375 0.03990610328638498