0 0.65 0.734375 0.0375 0.13333333333333333
0 0.5828125 0.7395833333333334 0.0375 0.11458333333333333
0 0.846875 0.7239583333333334 0.040625 0.11458333333333333
0 0.84609375 0.646875 0.009375 0.022916666666666665
0 0.0015145390625 0.0018884979166666667 0.0000959234375 0.0003896708333333334
0 0.74453125 0.6697916666666667 0.0109375 0.04583333333333333
0 0.81875 0.6739583333333333 0.015625 0.05
0 0.80625 0.665625 0.0125 0.03958333333333333
0 0.309375 0.6635416666666667 0.0140625 0.04583333333333333
0 0.27734375 0.6572916666666667 0.0109375 0.0375
0 0.9 0.6729166666666667 0.0125 0.04583333333333333
0 0.69453125 0.6760416666666667 0.0171875 0.05625
0 0.184375 0.8197916666666667 0.1125 0.2520833333333333