0 0.41328125 0.7265258215962441 0.3453125 0.5187793427230047
0 0.17890625 0.6326291079812206 0.2859375 0.7112676056338029
0 0.80078125 0.744131455399061 0.2125 0.4859154929577465
0 0.63515625 0.7523474178403756 0.1359375 0.49061032863849763
0 0.54921875 0.710093896713615 0.0875 0.5563380281690141
0 0.71015625 0.6314553990610329 0.115625 0.3286384976525822
0 0.001459534375 0.0015885845070422535 0.00020593281249999999 0.0015176666666666667
0 0.1 0.7406103286384976 0.2 0.49295774647887325
0 0.2703125 0.6384976525821596 0.08125 0.18309859154929578
0 0.0359375 0.5528169014084507 0.065625 0.284037558685446
0 0.22421875 0.5985915492957746 0.05 0.12910798122065728
0 0.27421875 0.5504694835680751 0.0265625 0.046948356807511735