0 0.809375 0.6709905660377359 0.1171875 0.3136792452830189
0 0.88125 0.6450471698113207 0.0921875 0.38443396226415094
0 0.784375 0.5648584905660378 0.03125 0.17452830188679244
0 0.6859375 0.5247641509433962 0.03125 0.05188679245283019
0 0.65234375 0.5330188679245284 0.0578125 0.13443396226415094
0 0.77421875 0.49174528301886794 0.025 0.05660377358490566
0 0.7234375 0.5412735849056604 0.046875 0.11320754716981132
0 0.8046875 0.5471698113207547 0.04375 0.15566037735849056
0 0.6984375 0.4846698113207547 0.0234375 0.030660377358490566
0 0.765625 0.5860849056603774 0.034375 0.16745283018867924
0 0.6953125 0.5837264150943396 0.028125 0.08962264150943396