0 0.478125 0.3572916666666667 0.109375 0.45208333333333334
0 0.47421875 0.3104166666666667 0.1625 0.44166666666666665
0 0.54296875 0.21458333333333332 0.065625 0.3125
0 0.60703125 0.22291666666666668 0.0921875 0.3145833333333333
0 0.68046875 0.5979166666666667 0.2375 0.46458333333333335
0 0.79921875 0.15833333333333333 0.0515625 0.14375
0 0.5828125 0.029166666666666667 0.0296875 0.058333333333333334
0 0.296875 0.06354166666666666 0.0765625 0.125
0 0.09765625 0.26145833333333335 0.1578125 0.5208333333333334
0 0.825 0.425 0.1890625 0.6416666666666667
0 0.95078125 0.028125 0.0234375 0.05416666666666667
0 0.95078125 0.34791666666666665 0.0984375 0.5270833333333333