0 0.48515625 0.5140845070422535 0.0640625 0.2511737089201878
0 0.1484375 0.505868544600939 0.078125 0.2652582159624413
0 0.67734375 0.5223004694835681 0.0453125 0.2136150234741784
0 0.72578125 0.5246478873239436 0.059375 0.2699530516431925
0 0.81015625 0.4788732394366197 0.0734375 0.21830985915492956
0 0.01875 0.505868544600939 0.0375 0.1643192488262911
0 0.83515625 0.4624413145539906 0.01875 0.0892018779342723
0 0.58046875 0.4800469483568075 0.0140625 0.028169014084507043
0 0.084375 0.5269953051643192 0.109375 0.32629107981220656
0 0.0359375 0.4953051643192488 0.0296875 0.1643192488262911
0 0.771875 0.4800469483568075 0.01875 0.06807511737089202
0 0.603125 0.47769953051643194 0.0046875 0.025821596244131457
0 0.5234375 0.47769953051643194 0.0125 0.03286384976525822
