0 0.47094430992736075 0.5921875 0.5205811138014528 0.715625
0 0.05205811138014528 0.30234375 0.07506053268765134 0.146875
0 0.32929782082324455 0.15234375 0.06053268765133172 0.0484375
0 0.38256658595641646 0.1484375 0.11138014527845036 0.05
0 0.635593220338983 0.25546875 0.12590799031476999 0.0921875
0 0.24092009685230023 0.1234375 0.18159806295399517 0.2453125
0 0.38619854721549635 0.08828125 0.06779661016949153 0.0609375
0 0.4721549636803874 0.14921875 0.12106537530266344 0.05625
0 0.6610169491525424 0.1421875 0.1162227602905569 0.040625
0 0.7651331719128329 0.1390625 0.13075060532687652 0.0421875
0 0.7639225181598063 0.09140625 0.07263922518159806 0.0734375
0 0.5544794188861986 0.12109375 0.06779661016949153 0.0546875
0 0.9297820823244553 0.128125 0.06779661016949153 0.0390625