0 0.71640625 0.5375 0.5671875 0.9125
0 0.175 0.5635416666666667 0.0140625 0.029166666666666667
0 0.10703125 0.559375 0.0109375 0.03333333333333333
0 0.09140625 0.5614583333333333 0.0109375 0.027083333333333334
0 0.30078125 0.4895833333333333 0.0109375 0.014583333333333334
0 0.19375 0.5677083333333334 0.015625 0.020833333333333332
0 0.12734375 0.571875 0.009375 0.010416666666666666
0 0.1375 0.571875 0.0078125 0.00625
0 0.0984375 0.5625 0.0078125 0.025
0 0.1453125 0.5729166666666666 0.0109375 0.008333333333333333
0 0.221875 0.4895833333333333 0.0125 0.014583333333333334