0 0.5145833333333333 0.79375 0.20625 0.275
0 0.00205481875 0.0010450921875 0.00005703125 0.0002112296875
0 0.9322916666666666 0.5796875 0.016666666666666666 0.015625
0 0.9802083333333333 0.62109375 0.029166666666666667 0.078125
0 0.34479166666666666 0.13671875 0.06666666666666667 0.0765625
0 0.5322916666666667 0.27421875 0.03333333333333333 0.0328125
0 0.684375 0.37265625 0.09375 0.053125
0 0.6208333333333333 0.33828125 0.09166666666666666 0.0640625
0 0.78125 0.4140625 0.025 0.025
0 0.8010416666666667 0.428125 0.022916666666666665 0.0328125
0 0.5791666666666667 0.296875 0.07083333333333333 0.0421875
0 0.45729166666666665 0.2296875 0.008333333333333333 0.009375
0 0.38125 0.23125 0.008333333333333333 0.0078125