0 0.39375 0.6447058823529411 0.3015625 0.6870588235294117
0 0.51015625 0.7705882352941177 0.0578125 0.2917647058823529
0 0.1359375 0.6541176470588236 0.0359375 0.1223529411764706
0 0.58125 0.6505882352941177 0.0234375 0.042352941176470586
0 0.25703125 0.64 0.0203125 0.08235294117647059
0 0.5703125 0.6270588235294118 0.0234375 0.08941176470588236
0 0.92734375 0.6576470588235294 0.0171875 0.047058823529411764
0 0.79375 0.731764705882353 0.0625 0.3788235294117647
0 0.7734375 0.7729411764705882 0.1171875 0.2917647058823529
0 0.06640625 0.6929411764705883 0.10625 0.47294117647058825
0 0.66015625 0.6094117647058823 0.0203125 0.023529411764705882