0 0.73984375 0.6881188118811881 0.0359375 0.264026402640264
0 0.171875 0.8448844884488449 0.0359375 0.1716171617161716
0 0.66953125 0.6320132013201321 0.028125 0.12211221122112212
0 0.8265625 0.6683168316831684 0.03125 0.22442244224422442
0 0.05859375 0.8894389438943895 0.0515625 0.10891089108910891
0 0.684375 0.8712871287128713 0.0515625 0.18811881188118812
0 0.615625 0.5792079207920792 0.0109375 0.0297029702970297
0 0.23359375 0.8184818481848185 0.03125 0.10891089108910891
0 0.90234375 0.6435643564356436 0.0140625 0.036303630363036306
0 0.3984375 0.8960396039603961 0.034375 0.0627062706270627
0 0.3390625 0.933993399339934 0.0515625 0.132013201320132
0 0.47578125 0.9075907590759076 0.06875 0.132013201320132
0 0.0328125 0.8910891089108911 0.028125 0.07590759075907591
