0 0.34453125 0.6458852867830424 0.1 0.4339152119700748
0 0.92109375 0.5785536159600998 0.03125 0.13466334164588528
0 0.93203125 0.5224438902743143 0.0359375 0.06483790523690773
0 0.9203125 0.4937655860349127 0.015625 0.02493765586034913
0 0.49453125 0.48877805486284287 0.015625 0.08229426433915212
0 0.9046875 0.5610972568578554 0.01875 0.16708229426433915
0 0.615625 0.35910224438902744 0.0140625 0.0199501246882793
0 0.39609375 0.41895261845386533 0.009375 0.029925187032418952
0 0.36953125 0.42019950124688277 0.0078125 0.032418952618453865
0 0.3625 0.4177057356608479 0.00625 0.029925187032418952
0 0.95546875 0.5623441396508728 0.03125 0.16458852867830423
