0 0.3741794310722101 0.70546875 0.10065645514223195 0.171875
0 0.33260393873085337 0.73359375 0.087527352297593 0.16875
0 0.2188183807439825 0.74296875 0.08533916849015317 0.15625
0 0.36980306345733044 0.5234375 0.0525164113785558 0.1125
0 0.12800875273522977 0.4953125 0.05470459518599562 0.1109375
0 0.5886214442013129 0.703125 0.0787746170678337 0.18125
0 0.2549234135667396 0.3421875 0.04157549234135667 0.040625
0 0.1936542669584245 0.328125 0.01312910284463895 0.05
0 0.12363238512035012 0.396875 0.04157549234135667 0.0859375
0 0.2549234135667396 0.41875 0.05689277899343545 0.0890625
0 0.05142231947483589 0.34609375 0.0350109409190372 0.059375
0 0.06455142231947483 0.315625 0.02188183807439825 0.03125
0 0.9770240700218819 0.52734375 0.0437636761487965 0.0828125
