0 0.4601063829787234 0.413 0.2393617021276596 0.26
0 0.5066489361702128 0.749 0.26595744680851063 0.368
0 0.29521276595744683 0.19 0.13031914893617022 0.094
0 0.3776595744680851 0.164 0.10638297872340426 0.136
0 0.6981382978723404 0.161 0.13829787234042554 0.248
0 0.1356382978723404 0.186 0.09308510638297872 0.064
0 0.17819148936170212 0.055 0.10638297872340426 0.046
0 0.08111702127659574 0.108 0.09574468085106383 0.094
0 0.4015957446808511 0.06 0.1196808510638298 0.082
0 0.5146276595744681 0.128 0.15159574468085107 0.194
0 0.24335106382978725 0.173 0.0797872340425532 0.092
0 0.9454787234042553 0.246 0.10904255319148937 0.084
0 0.30851063829787234 0.028 0.11170212765957446 0.054
