0 0.7260416666666667 0.2984375 0.12291666666666666 0.2
0 0.771875 0.14765625 0.07708333333333334 0.1734375
0 0.8739583333333333 0.1578125 0.13958333333333334 0.1875
0 0.64375 0.16015625 0.09166666666666666 0.1890625
0 0.48854166666666665 0.16640625 0.1 0.1828125
0 0.6416666666666667 0.38359375 0.4041666666666667 0.3703125
0 0.2989583333333333 0.19140625 0.06041666666666667 0.1359375
0 0.725 0.16015625 0.075 0.109375
0 0.35104166666666664 0.19140625 0.08125 0.140625
0 0.09375 0.18359375 0.1 0.1734375
0 0.8041666666666667 0.15546875 0.07083333333333333 0.203125
0 0.22604166666666667 0.19375 0.09375 0.140625