0 0.594 0.33753501400560226 0.192 0.5126050420168067
0 0.411 0.29971988795518206 0.09 0.5434173669467787
0 0.293 0.22408963585434175 0.104 0.3165266106442577
0 0.953 0.22549019607843138 0.016 0.022408963585434174
0 0.042 0.28991596638655465 0.084 0.4369747899159664
0 0.108 0.2703081232492997 0.082 0.4257703081232493
0 0.803 0.19467787114845939 0.044 0.14565826330532214
0 0.491 0.19607843137254902 0.022 0.028011204481792718
0 0.524 0.17366946778711484 0.012 0.06722689075630252
0 0.165 0.20728291316526612 0.054 0.21568627450980393
0 0.842 0.1722689075630252 0.014 0.06162464985994398
0 0.755 0.17366946778711484 0.02 0.0784313725490196
0 0.507 0.17647058823529413 0.014 0.06442577030812324