0 0.55234375 0.7770833333333333 0.0453125 0.12916666666666668
0 0.36484375 0.7854166666666667 0.0515625 0.10625
0 0.80234375 0.7760416666666666 0.021875 0.09583333333333334
0 0.50859375 0.7625 0.0140625 0.09166666666666666
0 0.42109375 0.7833333333333333 0.04375 0.11875
0 0.6234375 0.7645833333333333 0.025 0.0875
0 0.9734375 0.790625 0.04375 0.1125
0 0.4625 0.778125 0.0390625 0.11875
0 0.4890625 0.7697916666666667 0.0203125 0.08333333333333333
0 0.63359375 0.7458333333333333 0.015625 0.06666666666666667
0 0.721875 0.784375 0.0328125 0.12083333333333333
0 0.065625 0.8041666666666667 0.05625 0.16666666666666666