0 0.4751552795031056 0.609375 0.6749482401656315 0.759375
0 0.9192546583850931 0.59921875 0.14492753623188406 0.24375
0 0.8519668737060041 0.53828125 0.10351966873706005 0.30625
0 0.7857142857142857 0.5765625 0.11801242236024845 0.3515625
0 0.717391304347826 0.42734375 0.049689440993788817 0.059375
0 0.8188405797101449 0.4171875 0.037267080745341616 0.0515625
0 0.20600414078674947 0.5265625 0.13871635610766045 0.2625
0 0.2867494824016563 0.5 0.07453416149068323 0.1859375
0 0.40372670807453415 0.5453125 0.07039337474120083 0.3
0 0.15217391304347827 0.5390625 0.09109730848861283 0.23125
0 0.18115942028985507 0.43203125 0.057971014492753624 0.0625
0 0.4440993788819876 0.41953125 0.010351966873706004 0.009375
0 0.1915113871635611 0.4078125 0.008281573498964804 0.009375