0 0.30703125 0.6697892271662763 0.0234375 0.10070257611241218
0 0.28203125 0.6709601873536299 0.03125 0.1053864168618267
0 0.59609375 0.6697892271662763 0.0296875 0.09836065573770492
0 0.69921875 0.6721311475409836 0.021875 0.07962529274004684
0 0.5578125 0.6814988290398126 0.025 0.04918032786885246
0 0.5359375 0.6826697892271663 0.021875 0.04918032786885246
0 0.68046875 0.6627634660421545 0.0203125 0.08430913348946135
0 0.640625 0.6557377049180327 0.01875 0.08430913348946135
0 0.578125 0.6697892271662763 0.0109375 0.07259953161592506
0 0.5875 0.680327868852459 0.028125 0.08665105386416862
0 0.89140625 0.6487119437939111 0.0140625 0.03278688524590164
0 0.90859375 0.7002341920374707 0.0234375 0.06088992974238876
0 0.696875 0.5105386416861827 0.0125 0.06088992974238876
