0 0.55078125 0.12763466042154567 0.053125 0.11007025761124122
0 0.8375 0.1405152224824356 0.0859375 0.17330210772833723
0 0.49921875 0.5819672131147541 0.4234375 0.7775175644028103
0 0.97109375 0.10772833723653395 0.0546875 0.16627634660421545
0 0.84375 0.08079625292740047 0.0453125 0.11943793911007025
0 0.77890625 0.08430913348946135 0.05 0.11475409836065574
0 0.48984375 0.03981264637002342 0.04375 0.07962529274004684
0 0.74375 0.06323185011709602 0.04375 0.12412177985948478
0 0.90859375 0.1252927400468384 0.0640625 0.20140515222482436
0 0.36640625 0.2388758782201405 0.059375 0.12177985948477751
0 0.30703125 0.2259953161592506 0.0390625 0.15690866510538642
0 0.50078125 0.5831381733021077 0.41875 0.7822014051522248