0 0.16796875 0.7900943396226415 0.128125 0.24528301886792453
0 0.28984375 0.6238207547169812 0.009375 0.054245283018867926
0 0.26796875 0.6768867924528302 0.0359375 0.10377358490566038
0 0.309375 0.6544811320754716 0.0375 0.16037735849056603
0 0.2109375 0.660377358490566 0.0296875 0.07075471698113207
0 0.17421875 0.660377358490566 0.034375 0.06367924528301887
0 0.634375 0.6179245283018868 0.009375 0.04481132075471698
0 0.75859375 0.7099056603773585 0.0375 0.0660377358490566
0 0.81171875 0.7216981132075472 0.0453125 0.07075471698113207
0 0.71953125 0.625 0.0109375 0.06132075471698113
0 0.9484375 0.6485849056603774 0.01875 0.07311320754716981
0 0.540625 0.6167452830188679 0.0140625 0.04716981132075472
0 0.10859375 0.6615566037735849 0.0421875 0.07547169811320754
