0 0.6359375 0.1811926605504587 0.0828125 0.13990825688073394
0 0.8765625 0.5240825688073395 0.0640625 0.24541284403669725
0 0.9484375 0.48509174311926606 0.0359375 0.1720183486238532
0 0.97890625 0.4243119266055046 0.0421875 0.1651376146788991
0 0.00153361875 0.0013504220183486238 0.000057764062500000006 0.00030742431192660547
0 0.0015275640624999999 0.0016310183486238532 0.0000698734375 0.00023156651376146788
0 0.5046875 0.14105504587155962 0.0953125 0.231651376146789
0 0.60703125 0.14678899082568808 0.084375 0.22706422018348624
0 0.95625 0.588302752293578 0.0453125 0.12155963302752294
0 0.3234375 0.3623853211009174 0.13125 0.12614678899082568
0 0.021875 0.4334862385321101 0.04375 0.13990825688073394
0 0.909375 0.49770642201834864 0.0640625 0.22706422018348624
0 0.99140625 0.38646788990825687 0.015625 0.04128440366972477