0 0.6216666666666667 0.707808564231738 0.09333333333333334 0.3929471032745592
0 0.33166666666666667 0.845088161209068 0.14833333333333334 0.30982367758186397
0 0.3858333333333333 0.6057934508816121 0.06333333333333334 0.17632241813602015
0 0.145 0.8501259445843828 0.17166666666666666 0.2770780856423174
0 0.31666666666666665 0.5188916876574308 0.09666666666666666 0.3425692695214106
0 0.05583333333333333 0.7518891687657431 0.09666666666666666 0.4433249370277078
0 0.23 0.31738035264483627 0.06 0.15365239294710328
0 0.1175 0.6876574307304786 0.10833333333333334 0.2594458438287154
0 0.16916666666666666 0.5768261964735516 0.06166666666666667 0.13602015113350127
0 0.20166666666666666 0.7594458438287154 0.115 0.4760705289672544
0 0.16083333333333333 0.4017632241813602 0.09333333333333334 0.34005037783375314
0 0.2633333333333333 0.4093198992443325 0.14166666666666666 0.2947103274559194
0 0.5558333333333333 0.698992443324937 0.07333333333333333 0.3677581863979849