0 0.08125 0.11211340206185567 0.0328125 0.06443298969072164
0 0.9125 0.44329896907216493 0.171875 0.5463917525773195
0 0.2171875 0.2615979381443299 0.0953125 0.42783505154639173
0 0.265625 0.1172680412371134 0.046875 0.13144329896907217
0 0.8421875 0.211340206185567 0.0125 0.030927835051546393
0 0.88203125 0.31958762886597936 0.0890625 0.3556701030927835
0 0.59375 0.38273195876288657 0.103125 0.38917525773195877
0 0.72734375 0.42912371134020616 0.1828125 0.8221649484536082
0 0.0875 0.48582474226804123 0.1734375 0.7139175257731959
0 0.35390625 0.4213917525773196 0.14375 0.654639175257732
0 0.0515625 0.10695876288659793 0.028125 0.05670103092783505
0 0.46015625 0.2706185567010309 0.246875 0.4793814432989691
0 0.540625 0.40335051546391754 0.1109375 0.5721649484536082
