0 0.0921875 0.4953271028037383 0.184375 0.4742990654205608
0 0.2421875 0.3189252336448598 0.10625 0.3364485981308411
0 0.9375 0.35864485981308414 0.1109375 0.3037383177570093
0 0.8671875 0.375 0.065625 0.23130841121495327
0 0.47890625 0.26869158878504673 0.04375 0.08878504672897196
0 0.1375 0.26401869158878505 0.0546875 0.1191588785046729
0 0.73984375 0.2383177570093458 0.034375 0.07009345794392523
0 0.85859375 0.36565420560747663 0.05625 0.3037383177570093
0 0.27265625 0.2885514018691589 0.046875 0.2266355140186916
0 0.38203125 0.22313084112149534 0.053125 0.056074766355140186
0 0.57265625 0.23130841121495327 0.0828125 0.15186915887850466
0 0.89140625 0.24766355140186916 0.025 0.06542056074766354
0 0.71484375 0.2371495327102804 0.0421875 0.07710280373831775