0 0.2109375 0.7258064516129032 0.0109375 0.036053130929791274
0 0.1875 0.7267552182163188 0.00625 0.028462998102466792
0 0.34609375 0.7239089184060721 0.0234375 0.06072106261859583
0 0.159375 0.7239089184060721 0.0109375 0.04364326375711575
0 0.9640625 0.7343453510436433 0.009375 0.030360531309297913
0 0.3625 0.7258064516129032 0.0125 0.04174573055028463
0 0.27109375 0.7229601518026565 0.00625 0.018975332068311195
0 0.3828125 0.7229601518026565 0.0140625 0.05313092979127135
0 0.40390625 0.7258064516129032 0.01875 0.04364326375711575
0 0.37109375 0.7258064516129032 0.0125 0.04933586337760911
0 0.146875 0.7267552182163188 0.0109375 0.04174573055028463
0 0.1359375 0.7191650853889943 0.0078125 0.024667931688804556
0 0.1296875 0.722011385199241 0.00625 0.020872865275142316