0 0.8484375 0.5776470588235294 0.303125 0.8305882352941176
0 0.7234375 0.6352941176470588 0.2640625 0.7035294117647058
0 0.73046875 0.39294117647058824 0.078125 0.1811764705882353
0 0.684375 0.35411764705882354 0.0375 0.10352941176470588
0 0.5609375 0.39176470588235296 0.1375 0.46588235294117647
0 0.44609375 0.43411764705882355 0.1515625 0.4023529411764706
0 0.27734375 0.5235294117647059 0.1953125 0.31529411764705884
0 0.27265625 0.3235294117647059 0.103125 0.16705882352941176
0 0.37109375 0.31882352941176473 0.0453125 0.08
0 0.04453125 0.6317647058823529 0.08125 0.691764705882353
