0 0.7424657534246575 0.78515625 0.30684931506849317 0.4296875
0 0.25753424657534246 0.8 0.5123287671232877 0.4
0 0.42191780821917807 0.79765625 0.2328767123287671 0.38125
0 0.46301369863013697 0.6265625 0.04657534246575343 0.0734375
0 0.8246575342465754 0.62109375 0.0684931506849315 0.05
0 0.0589041095890411 0.6203125 0.030136986301369864 0.053125
0 0.023287671232876714 0.61953125 0.038356164383561646 0.0609375
0 0.09863013698630137 0.62109375 0.038356164383561646 0.059375
0 0.5698630136986301 0.690625 0.1095890410958904 0.1625
0 0.9767123287671233 0.66953125 0.04657534246575343 0.125
0 0.9013698630136986 0.621875 0.057534246575342465 0.0484375
0 0.9178082191780822 0.6875 0.0958904109589041 0.1546875
0 0.5452054794520548 0.64140625 0.0547945205479452 0.053125