0 0.43828125 0.5583333333333333 0.1921875 0.6
0 0.6296875 0.5614583333333333 0.2109375 0.6375
0 0.434375 0.2875 0.090625 0.13125
0 0.47109375 0.21354166666666666 0.0640625 0.11041666666666666
0 0.321875 0.315625 0.021875 0.06458333333333334
0 0.378125 0.16458333333333333 0.015625 0.05
0 0.41796875 0.051041666666666666 0.0109375 0.041666666666666664
0 0.40546875 0.052083333333333336 0.0109375 0.041666666666666664
0 0.0390625 0.08854166666666667 0.0171875 0.041666666666666664
0 0.4078125 0.16145833333333334 0.01875 0.05416666666666667
