0 0.356 0.6534090909090909 0.062 0.3522727272727273
0 0.164 0.7613636363636364 0.1 0.45454545454545453
0 0.218 0.7414772727272727 0.05 0.39204545454545453
0 0.496 0.4772727272727273 0.024 0.125
0 0.738 0.6988636363636364 0.098 0.23295454545454544
0 0.916 0.71875 0.096 0.22727272727272727
0 0.972 0.6136363636363636 0.042 0.29545454545454547
0 0.196 0.5596590909090909 0.018 0.10795454545454546
0 0.155 0.5568181818181818 0.02 0.17613636363636365
0 0.388 0.6193181818181818 0.052 0.3522727272727273
0 0.948 0.48011363636363635 0.016 0.056818181818181816
