0 0.0000889765625 0.0019690912951167727 0.00008776875 0.000308104033970276
0 0.19609375 0.9692144373673036 0.0265625 0.06157112526539278
0 0.55546875 0.975583864118896 0.0234375 0.04883227176220807
0 0.71953125 0.9628450106157113 0.0203125 0.07430997876857749
0 0.7265625 0.9766454352441614 0.01875 0.04670912951167728
0 0.93359375 0.921443736730361 0.128125 0.15711252653927812
0 0.4078125 0.964968152866242 0.021875 0.03397027600849257
0 0.821875 0.9426751592356688 0.11875 0.11464968152866242
0 0.7 0.9745222929936306 0.0171875 0.044585987261146494
0 0.34375 0.9713375796178344 0.0265625 0.05732484076433121
0 0.46640625 0.9840764331210191 0.028125 0.03184713375796178
0 0.65625 0.9193205944798302 0.0640625 0.1613588110403397