0 0.5890625 0.49063231850117095 0.65625 0.9718969555035128
0 0.9703125 0.09953161592505855 0.059375 0.1990632318501171
0 0.18984375 0.11358313817330211 0.1375 0.22482435597189696
0 0.30390625 0.10421545667447307 0.1109375 0.20608899297423888
0 0.06171875 0.24473067915690866 0.1140625 0.48009367681498827
0 0.8328125 0.11241217798594848 0.1109375 0.18032786885245902
0 0.6 0.08313817330210772 0.0671875 0.16627634660421545
0 0.69921875 0.1451990632318501 0.1140625 0.2903981264637002
0 0.778125 0.14988290398126464 0.0828125 0.297423887587822
0 0.56796875 0.10421545667447307 0.1421875 0.20843091334894615
0 0.9046875 0.1053864168618267 0.0875 0.2107728337236534
0 0.1046875 0.09016393442622951 0.0578125 0.18032786885245902
0 0.7328125 0.03747072599531616 0.0453125 0.07494145199063232