0 0.84453125 0.7741176470588236 0.2328125 0.45176470588235296
0 0.83125 0.4117647058823529 0.0671875 0.1623529411764706
0 0.72890625 0.36823529411764705 0.0609375 0.0988235294117647
0 0.67109375 0.39294117647058824 0.1015625 0.14823529411764705
0 0.46875 0.4611764705882353 0.14375 0.24705882352941178
0 0.86328125 0.3411764705882353 0.04375 0.10823529411764705
0 0.48515625 0.7305882352941176 0.14375 0.5388235294117647
0 0.54375 0.5176470588235295 0.084375 0.34823529411764703
0 0.23984375 0.5105882352941177 0.1546875 0.2611764705882353
0 0.0609375 0.7811764705882352 0.121875 0.4329411764705882
0 0.94921875 0.3552941176470588 0.0625 0.10823529411764705
0 0.8375 0.3776470588235294 0.0984375 0.12705882352941175
