0 0.68984375 0.7975206611570248 0.053125 0.25895316804407714
0 0.75546875 0.7975206611570248 0.046875 0.2231404958677686
0 0.90859375 0.7617079889807162 0.0375 0.18457300275482094
0 0.80234375 0.7796143250688705 0.0515625 0.23140495867768596
0 0.88515625 0.768595041322314 0.025 0.17079889807162535
0 0.8578125 0.7603305785123967 0.0359375 0.20385674931129477
0 0.92734375 0.696969696969697 0.0328125 0.06611570247933884
0 0.9828125 0.7506887052341598 0.034375 0.15426997245179064
0 0.8390625 0.778236914600551 0.0359375 0.18181818181818182
0 0.95 0.7506887052341598 0.03125 0.14325068870523416
