0 0.556 0.6139455782312925 0.138 0.5204081632653061
0 0.247 0.45068027210884354 0.126 0.14965986394557823
0 0.334 0.48639455782312924 0.06 0.17006802721088435
0 0.43 0.5629251700680272 0.104 0.22448979591836735
0 0.897 0.6581632653061225 0.112 0.6054421768707483
0 0.775 0.5663265306122449 0.136 0.23129251700680273
0 0.63 0.47959183673469385 0.038 0.10884353741496598
0 0.525 0.40816326530612246 0.032 0.08843537414965986
0 0.236 0.5221088435374149 0.106 0.21428571428571427
0 0.966 0.5748299319727891 0.068 0.564625850340136
0 0.096 0.45408163265306123 0.072 0.2108843537414966
0 0.477 0.49829931972789115 0.07 0.16666666666666666
0 0.379 0.45408163265306123 0.032 0.061224489795918366
