0 0.59765625 0.676056338028169 0.25625 0.6291079812206573
0 0.0234375 0.3438967136150235 0.046875 0.1267605633802817
0 0.86640625 0.6607981220657277 0.1859375 0.6572769953051644
0 0.953125 0.4988262910798122 0.0828125 0.3615023474178404
0 0.4734375 0.3931924882629108 0.1125 0.24882629107981222
0 0.7875 0.39906103286384975 0.04375 0.12910798122065728
0 0.11953125 0.5669014084507042 0.2296875 0.8427230046948356
0 0.37265625 0.4061032863849765 0.090625 0.2605633802816901
0 0.425 0.38967136150234744 0.0796875 0.20892018779342722
0 0.68828125 0.5598591549295775 0.171875 0.45305164319248825
0 0.975 0.4765258215962441 0.05 0.3215962441314554
0 0.53359375 0.3544600938967136 0.025 0.08685446009389672
