0 0.36015625 0.44479166666666664 0.06875 0.31666666666666665
0 0.33125 0.35 0.04375 0.13541666666666666
0 0.17890625 0.32916666666666666 0.053125 0.14166666666666666
0 0.1046875 0.32916666666666666 0.0375 0.10625
0 0.07890625 0.40625 0.059375 0.23958333333333334
0 0.921875 0.371875 0.09375 0.14583333333333334
0 0.871875 0.3229166666666667 0.05 0.13541666666666666
0 0.74765625 0.3104166666666667 0.0203125 0.0625
0 0.44375 0.37083333333333335 0.0484375 0.17708333333333334
0 0.21484375 0.33958333333333335 0.0484375 0.07291666666666667
0 0.03359375 0.38229166666666664 0.0578125 0.24375
0 0.25078125 0.32395833333333335 0.071875 0.12916666666666668
