0 0.10446009389671361 0.76328125 0.07042253521126761 0.0890625
0 0.426056338028169 0.7265625 0.07511737089201878 0.1625
0 0.5035211267605634 0.70703125 0.07276995305164319 0.0453125
0 0.7288732394366197 0.76796875 0.046948356807511735 0.0828125
0 0.9788732394366197 0.7453125 0.04225352112676056 0.128125
0 0.22065727699530516 0.74453125 0.07042253521126761 0.1296875
0 0.7934272300469484 0.74765625 0.06338028169014084 0.125
0 0.8568075117370892 0.7484375 0.07276995305164319 0.1234375
0 0.18427230046948356 0.759375 0.07276995305164319 0.0953125
0 0.03403755868544601 0.7453125 0.06807511737089202 0.121875
0 0.34624413145539906 0.7515625 0.07042253521126761 0.115625
0 0.5809859154929577 0.7453125 0.08450704225352113 0.125