0 0.559375 0.47423887587822017 0.1921875 0.7400468384074942
0 0.40078125 0.47892271662763464 0.165625 0.7096018735362998
0 0.78203125 0.5784543325526932 0.1421875 0.7868852459016393
0 0.90546875 0.5011709601873536 0.1453125 0.5995316159250585
0 0.69375 0.5398126463700235 0.15 0.7259953161592506
0 0.06015625 0.30210772833723654 0.0140625 0.06323185011709602
0 0.028125 0.30679156908665106 0.0203125 0.07259953161592506
0 0.0984375 0.30210772833723654 0.0171875 0.06088992974238876
0 0.075 0.3079625292740047 0.01875 0.06557377049180328
0 0.9640625 0.28688524590163933 0.05625 0.13114754098360656
0 0.001527246875 0.001292360655737705 0.0000705078125 0.0011352552693208431