0 0.6078125 0.4581589958158996 0.03125 0.1506276150627615
0 0.41171875 0.4675732217573222 0.034375 0.16317991631799164
0 0.26328125 0.5010460251046025 0.040625 0.18828451882845187
0 0.19453125 0.5 0.05 0.16527196652719664
0 0.3515625 0.5230125523012552 0.0390625 0.20502092050209206
0 0.825 0.641213389121339 0.1375 0.3723849372384937
0 0.228125 0.502092050209205 0.0359375 0.17364016736401675
0 0.38671875 0.45502092050209203 0.0234375 0.058577405857740586
0 0.29765625 0.5156903765690377 0.0484375 0.20920502092050208
0 0.86640625 0.5292887029288703 0.0734375 0.3305439330543933
0 0.11875 0.4916317991631799 0.0375 0.19665271966527198
0 0.63828125 0.47489539748953974 0.046875 0.21338912133891214