0 0.8203125 0.3541666666666667 0.0546875 0.06666666666666667
0 0.91171875 0.32083333333333336 0.0390625 0.12708333333333333
0 0.6 0.3177083333333333 0.015625 0.05416666666666667
0 0.525 0.3229166666666667 0.0171875 0.05625
0 0.40234375 0.3802083333333333 0.0453125 0.027083333333333334
0 0.1359375 0.34375 0.0234375 0.058333333333333334
0 0.1140625 0.33958333333333335 0.0265625 0.07291666666666667
0 0.853125 0.3489583333333333 0.04375 0.06875
0 0.98046875 0.3333333333333333 0.0390625 0.10833333333333334
0 0.47421875 0.37916666666666665 0.0390625 0.022916666666666665
0 0.88125 0.33958333333333335 0.0484375 0.07708333333333334
0 0.11953125 0.3458333333333333 0.0125 0.05
0 0.92734375 0.32395833333333335 0.0140625 0.052083333333333336
