0 0.11123348017621146 0.6625 0.05506607929515418 0.0375
0 0.6167400881057269 0.515625 0.09691629955947137 0.146875
0 0.41629955947136565 0.546875 0.08590308370044053 0.1203125
0 0.6277533039647577 0.28828125 0.27973568281938327 0.3515625
0 0.5814977973568282 0.51484375 0.06387665198237885 0.0984375
0 0.5539647577092511 0.53203125 0.04185022026431718 0.1265625
0 0.6751101321585903 0.52265625 0.07488986784140969 0.121875
0 0.06497797356828194 0.6578125 0.05726872246696035 0.059375
0 0.06387665198237885 0.5984375 0.07929515418502203 0.059375
0 0.501101321585903 0.534375 0.07488986784140969 0.134375
0 0.32819383259911894 0.590625 0.09691629955947137 0.0546875
0 0.46145374449339205 0.53671875 0.039647577092511016 0.09375