0 0.54296875 0.3009367681498829 0.04375 0.11007025761124122
0 0.0328125 0.4894613583138173 0.0421875 0.1592505854800937
0 0.7703125 0.2857142857142857 0.05 0.1053864168618267
0 0.18828125 0.5690866510538641 0.0203125 0.0585480093676815
0 0.13046875 0.2775175644028103 0.0421875 0.07728337236533958
0 0.178125 0.2810304449648712 0.0453125 0.07494145199063232
0 0.45703125 0.27049180327868855 0.0421875 0.07259953161592506
0 0.64609375 0.2903981264637002 0.0453125 0.1053864168618267
0 0.71171875 0.2576112412177986 0.03125 0.03981264637002342
0 0.51171875 0.2646370023419204 0.0265625 0.08430913348946135
0 0.3546875 0.2892271662763466 0.0328125 0.08196721311475409
0 0.2328125 0.27985948477751754 0.0234375 0.08196721311475409
0 0.29609375 0.25995316159250587 0.028125 0.03981264637002342