0 0.7015625 0.3632075471698113 0.1421875 0.5636792452830188
0 0.67421875 0.49174528301886794 0.2484375 0.17688679245283018
0 0.3859375 0.27712264150943394 0.075 0.37264150943396224
0 0.14453125 0.2665094339622642 0.0703125 0.33962264150943394
0 0.05703125 0.27122641509433965 0.078125 0.36556603773584906
0 0.7671875 0.2535377358490566 0.0796875 0.3466981132075472
0 0.909375 0.25943396226415094 0.06875 0.3113207547169811
0 0.6359375 0.25825471698113206 0.0765625 0.3584905660377358
0 0.5734375 0.38089622641509435 0.1609375 0.38207547169811323
0 0.309375 0.29127358490566035 0.0765625 0.3490566037735849
0 0.2328125 0.27476415094339623 0.103125 0.3632075471698113
0 0.97734375 0.2653301886792453 0.0453125 0.33254716981132076
0 0.28828125 0.15212264150943397 0.0421875 0.09669811320754718