0 0.81953125 0.5608899297423887 0.05 0.07728337236533958
0 0.75 0.5468384074941453 0.0609375 0.10772833723653395
0 0.575 0.30327868852459017 0.025 0.053864168618266976
0 0.759375 0.1791569086651054 0.009375 0.01873536299765808
0 0.8328125 0.14402810304449648 0.009375 0.01873536299765808
0 0.9078125 0.13817330210772832 0.009375 0.01639344262295082
0 0.44140625 0.117096018735363 0.0125 0.02576112412177986
0 0.409375 0.33021077283372363 0.03125 0.06791569086651054
0 0.86171875 0.563231850117096 0.0359375 0.09601873536299765
0 0.95390625 0.20843091334894615 0.0125 0.02576112412177986
0 0.45546875 0.2997658079625293 0.0265625 0.053864168618266976
0 0.73984375 0.2306791569086651 0.0109375 0.01405152224824356