0 0.2875 0.7259953161592506 0.065625 0.21311475409836064
0 0.140625 0.7927400468384075 0.1375 0.34660421545667447
0 0.31953125 0.7236533957845434 0.028125 0.18501170960187355
0 0.36796875 0.6744730679156908 0.0296875 0.08899297423887588
0 0.52265625 0.6768149882903981 0.0359375 0.10070257611241218
0 0.6828125 0.6533957845433255 0.0296875 0.06557377049180328
0 0.79140625 0.6510538641686182 0.0171875 0.08665105386416862
0 0.86328125 0.6487119437939111 0.025 0.08665105386416862
0 0.35703125 0.6510538641686182 0.0046875 0.01873536299765808
0 0.1 0.6768149882903981 0.028125 0.08196721311475409
0 0.475 0.6627634660421545 0.009375 0.03044496487119438
0 0.24453125 0.667447306791569 0.0125 0.04449648711943794
0 0.4671875 0.6498829039812647 0.0046875 0.01873536299765808
