0 0.323 0.5893333333333334 0.028 0.06133333333333333
0 0.383 0.552 0.014 0.037333333333333336
0 0.835 0.62 0.022 0.048
0 0.072 0.6173333333333333 0.028 0.064
0 0.806 0.5866666666666667 0.022 0.037333333333333336
0 0.853 0.616 0.016 0.07466666666666667
0 0.968 0.58 0.018 0.018666666666666668
0 0.321 0.5466666666666666 0.01 0.02666666666666667
0 0.302 0.5533333333333333 0.01 0.034666666666666665
0 0.819 0.6186666666666667 0.014 0.056
0 0.825 0.5733333333333334 0.016 0.037333333333333336
0 0.78 0.588 0.016 0.032
