0 0.46171875 0.48020833333333335 0.4171875 0.9458333333333333
0 0.103125 0.5125 0.2 0.7645833333333333
0 0.63671875 0.309375 0.0734375 0.25833333333333336
0 0.75859375 0.253125 0.08125 0.16041666666666668
0 0.68203125 0.3229166666666667 0.0609375 0.2375
0 0.28359375 0.26875 0.025 0.06666666666666667
0 0.52734375 0.2791666666666667 0.0546875 0.14791666666666667
0 0.81796875 0.31875 0.0796875 0.225
0 0.001546509375 0.0009578125 0.0000319828125 0.00011831666666666666
0 0.25546875 0.290625 0.0328125 0.13541666666666666
0 0.93671875 0.328125 0.125 0.30625
0 0.3046875 0.28541666666666665 0.0234375 0.12083333333333333
0 0.575 0.25 0.015625 0.04583333333333333
