0 0.5625 0.5974178403755869 0.3859375 0.7863849765258216
0 0.5265625 0.18661971830985916 0.0578125 0.09154929577464789
0 0.30390625 0.2136150234741784 0.0109375 0.05868544600938967
0 0.12734375 0.21713615023474178 0.015625 0.06338028169014084
0 0.1109375 0.21713615023474178 0.01875 0.06103286384976526
0 0.028125 0.2312206572769953 0.009375 0.03051643192488263
0 0.04140625 0.2347417840375587 0.01875 0.035211267605633804
0 0.36796875 0.323943661971831 0.1484375 0.33098591549295775
0 0.290625 0.2300469483568075 0.0109375 0.028169014084507043
0 0.21640625 0.2323943661971831 0.0140625 0.02112676056338028
0 0.14765625 0.215962441314554 0.0234375 0.06572769953051644
0 0.05859375 0.2347417840375587 0.0140625 0.03286384976525822
0 0.39921875 0.39906103286384975 0.1796875 0.4694835680751174