0 0.11484375 0.5435779816513762 0.021875 0.03211009174311927
0 0.2421875 0.5665137614678899 0.0796875 0.3073394495412844
0 0.36171875 0.5447247706422018 0.10625 0.40825688073394495
0 0.82265625 0.5722477064220184 0.2140625 0.47706422018348627
0 0.28046875 0.5596330275229358 0.0625 0.31422018348623854
0 0.76484375 0.5642201834862385 0.06875 0.2981651376146789
0 0.18828125 0.5928899082568807 0.0265625 0.08256880733944955
0 0.51015625 0.5951834862385321 0.1984375 0.5344036697247706
0 0.0671875 0.5665137614678899 0.0890625 0.2706422018348624
0 0.46796875 0.6204128440366973 0.171875 0.39908256880733944
0 0.42109375 0.4701834862385321 0.0296875 0.13302752293577982
0 0.26015625 0.37270642201834864 0.0265625 0.08027522935779817
0 0.8015625 0.2706422018348624 0.0125 0.05963302752293578