0 0.62109375 0.585081585081585 0.309375 0.4662004662004662
0 0.2671875 0.6876456876456877 0.290625 0.337995337995338
0 0.11328125 0.6433566433566433 0.171875 0.4125874125874126
0 0.3125 0.14102564102564102 0.0921875 0.1258741258741259
0 0.60859375 0.25757575757575757 0.1265625 0.2097902097902098
0 0.5453125 0.2692307692307692 0.0640625 0.23543123543123542
0 0.23125 0.1456876456876457 0.078125 0.13053613053613053
0 0.14453125 0.15268065268065267 0.1 0.13286713286713286
0 0.16796875 0.06993006993006994 0.084375 0.13053613053613053
0 0.03125 0.09557109557109557 0.0609375 0.1351981351981352
0 0.75625 0.20862470862470864 0.1015625 0.29836829836829837
0 0.60625 0.14918414918414918 0.08125 0.0979020979020979
0 0.703125 0.24825174825174826 0.1203125 0.25874125874125875