0 0.3640625 0.5736543909348442 0.4921875 0.8526912181303116
0 0.0484375 0.4235127478753541 0.09375 0.5552407932011332
0 0.84140625 0.37677053824362605 0.2296875 0.7450424929178471
0 0.671875 0.3342776203966006 0.071875 0.1529745042492918
0 0.13984375 0.2705382436260623 0.05 0.35694050991501414
0 0.14921875 0.5 0.1015625 0.2237960339943343
0 0.309375 0.2096317280453258 0.05 0.1813031161473088
0 0.48359375 0.254957507082153 0.0671875 0.3597733711048159
0 0.32734375 0.1529745042492918 0.025 0.10198300283286119
0 0.59765625 0.386685552407932 0.1609375 0.7535410764872521
0 0.93984375 0.22804532577903683 0.0484375 0.3342776203966006
0 0.7234375 0.41359773371104813 0.1453125 0.15864022662889518
0 0.0984375 0.3087818696883853 0.059375 0.35694050991501414