0 0.74609375 0.4236111111111111 0.025 0.07222222222222222
0 0.94921875 0.39166666666666666 0.0125 0.05555555555555555
0 0.9140625 0.39166666666666666 0.0171875 0.06666666666666667
0 0.81328125 0.3527777777777778 0.0234375 0.03888888888888889
0 0.92265625 0.3972222222222222 0.00625 0.03611111111111111
0 0.93671875 0.3902777777777778 0.009375 0.04722222222222222
0 0.87265625 0.38055555555555554 0.009375 0.05
0 0.9015625 0.3958333333333333 0.00625 0.025
0 0.73125 0.3736111111111111 0.0046875 0.025
0 0.9703125 0.4 0.009375 0.041666666666666664
0 0.746875 0.36527777777777776 0.0046875 0.013888888888888888
0 0.86875 0.33194444444444443 0.003125 0.022222222222222223
0 0.90546875 0.3819444444444444 0.0109375 0.05