0 0.27421875 0.9264018691588785 0.034375 0.14719626168224298
0 0.000478625 0.0021189088785046727 0.00005798281250000001 0.00043508177570093456
0 0.87265625 0.7231308411214953 0.03125 0.056074766355140186
0 0.478125 0.844626168224299 0.0328125 0.1705607476635514
0 0.24140625 0.9322429906542056 0.03125 0.13551401869158877
0 0.9703125 0.29789719626168226 0.0234375 0.08644859813084112
0 0.921875 0.32242990654205606 0.0109375 0.04205607476635514
0 0.93359375 0.5700934579439252 0.009375 0.04906542056074766
0 0.85859375 0.5502336448598131 0.0171875 0.05841121495327103
0 0.834375 0.5268691588785047 0.009375 0.0397196261682243
0 0.35703125 0.927570093457944 0.046875 0.14485981308411214
0 0.71640625 0.5607476635514018 0.0109375 0.028037383177570093
0 0.83828125 0.30957943925233644 0.0171875 0.07710280373831775
