0 0.16171875 0.7114583333333333 0.175 0.5458333333333333
0 0.74453125 0.315625 0.140625 0.23541666666666666
0 0.61953125 0.33645833333333336 0.1203125 0.225
0 0.35859375 0.28229166666666666 0.1421875 0.14583333333333334
0 0.91484375 0.5916666666666667 0.1703125 0.38333333333333336
0 0.8984375 0.27291666666666664 0.1546875 0.20416666666666666
0 0.525 0.24270833333333333 0.1296875 0.2375
0 0.91640625 0.40520833333333334 0.1640625 0.19791666666666666
0 0.0734375 0.29375 0.1265625 0.1125
0 0.7109375 0.178125 0.0625 0.10416666666666667
0 0.8515625 0.19375 0.1015625 0.13958333333333334
0 0.77265625 0.6447916666666667 0.175 0.22916666666666666
0 0.70703125 0.14375 0.1671875 0.1375