0 0.54375 0.63046875 0.20833333333333334 0.396875
0 0.365625 0.67109375 0.15625 0.46875
0 0.24479166666666666 0.56796875 0.125 0.215625
0 0.909375 0.76953125 0.18125 0.4609375
0 0.9364583333333333 0.8109375 0.12083333333333333 0.353125
0 0.8260416666666667 0.59921875 0.09583333333333334 0.20625
0 0.73125 0.509375 0.0625 0.0671875
0 0.790625 0.534375 0.07083333333333333 0.1046875
0 0.646875 0.525 0.04791666666666667 0.090625
0 0.11041666666666666 0.478125 0.029166666666666667 0.0375
0 0.11979166666666667 0.5078125 0.06458333333333334 0.1296875
0 0.14583333333333334 0.5328125 0.05416666666666667 0.15625
0 0.08333333333333333 0.46640625 0.03333333333333333 0.0328125
