0 0.19294117647058823 0.71015625 0.047058823529411764 0.08125
0 0.26705882352941174 0.66171875 0.04941176470588235 0.0546875
0 0.31411764705882356 0.61640625 0.02588235294117647 0.040625
0 0.7941176470588235 0.4515625 0.042352941176470586 0.0390625
0 0.14588235294117646 0.45 0.042352941176470586 0.0421875
0 0.8482352941176471 0.45390625 0.042352941176470586 0.0421875
0 0.74 0.453125 0.023529411764705882 0.0296875
0 0.40705882352941175 0.7203125 0.021176470588235293 0.0328125
0 0.4329411764705882 0.728125 0.021176470588235293 0.040625
0 0.5905882352941176 0.759375 0.02588235294117647 0.04375
0 0.4188235294117647 0.7546875 0.02823529411764706 0.0515625
0 0.7423529411764705 0.9265625 0.04470588235294118 0.078125
0 0.0988235294117647 0.728125 0.06352941176470588 0.090625