0 0.3203125 0.5666666666666667 0.06875 0.2604166666666667
0 0.203125 0.553125 0.078125 0.2625
0 0.2234375 0.5697916666666667 0.034375 0.23333333333333334
0 0.12890625 0.540625 0.0578125 0.18958333333333333
0 0.14765625 0.49270833333333336 0.015625 0.08125
0 0.415625 0.5104166666666666 0.025 0.0875
0 0.45390625 0.4822916666666667 0.015625 0.052083333333333336
0 0.5421875 0.5177083333333333 0.0203125 0.07083333333333333
0 0.94609375 0.5208333333333334 0.05 0.14791666666666667
0 0.3875 0.5010416666666667 0.0296875 0.10416666666666667
0 0.6703125 0.5375 0.03125 0.09166666666666666
0 0.56171875 0.5052083333333334 0.0234375 0.09375
0 0.8171875 0.6708333333333333 0.2234375 0.5395833333333333