0 0.8235294117647058 0.8300653594771242 0.1323529411764706 0.14052287581699346
0 0.8872549019607843 0.7238562091503268 0.09803921568627451 0.11437908496732026
0 0.49264705882352944 0.8668300653594772 0.08006535947712418 0.1650326797385621
0 0.4820261437908497 0.6830065359477124 0.08006535947712418 0.05228758169934641
0 0.4354575163398693 0.2034313725490196 0.026143790849673203 0.06699346405228758
0 0.14705882352941177 0.35866013071895425 0.05065359477124183 0.03431372549019608
0 0.11029411764705882 0.35130718954248363 0.0457516339869281 0.03594771241830065
0 0.5269607843137255 0.3741830065359477 0.042483660130718956 0.08169934640522876
0 0.36437908496732024 0.4485294117647059 0.032679738562091505 0.03431372549019608
0 0.8202614379084967 0.3872549019607843 0.04411764705882353 0.12091503267973856
0 0.7279411764705882 0.4166666666666667 0.03594771241830065 0.05718954248366013
0 0.8611111111111112 0.21323529411764705 0.03758169934640523 0.08823529411764706
0 0.24101307189542484 0.4199346405228758 0.05065359477124183 0.07352941176470588
