0 0.25859375 0.49372384937238495 0.0671875 0.2907949790794979
0 0.171875 0.41527196652719667 0.03125 0.07112970711297072
0 0.19453125 0.40481171548117156 0.0296875 0.056485355648535567
0 0.19765625 0.2405857740585774 0.0234375 0.07322175732217573
0 0.1765625 0.25732217573221755 0.0234375 0.08158995815899582
0 0.34140625 0.3148535564853556 0.034375 0.12133891213389121
0 0.32890625 0.2186192468619247 0.025 0.08786610878661087
0 0.60078125 0.21548117154811716 0.015625 0.06276150627615062
0 0.45625 0.19769874476987448 0.01875 0.04602510460251046
0 0.33125 0.1412133891213389 0.0171875 0.06485355648535565
0 0.35078125 0.1412133891213389 0.01875 0.06276150627615062
0 0.51875 0.1705020920502092 0.015625 0.04811715481171548
0 0.46796875 0.16527196652719664 0.009375 0.06485355648535565
