0 0.59453125 0.48 0.2015625 0.4588235294117647
0 0.48984375 0.3458823529411765 0.16875 0.4541176470588235
0 0.1046875 0.3635294117647059 0.1109375 0.24235294117647058
0 0.15078125 0.35058823529411764 0.0625 0.2635294117647059
0 0.39375 0.45294117647058824 0.225 0.4988235294117647
0 0.04609375 0.34823529411764703 0.084375 0.25882352941176473
0 0.71640625 0.3352941176470588 0.0796875 0.23294117647058823
0 0.79140625 0.35058823529411764 0.0875 0.28
0 0.95 0.44588235294117645 0.1 0.44941176470588234
0 0.18203125 0.2529411764705882 0.0390625 0.08
0 0.21484375 0.35058823529411764 0.1 0.24
0 0.67734375 0.3058823529411765 0.0625 0.23529411764705882
0 0.2765625 0.3341176470588235 0.0578125 0.18588235294117647
