0 0.48125 0.6039603960396039 0.0984375 0.31683168316831684
0 0.821875 0.4863861386138614 0.1203125 0.3589108910891089
0 0.22265625 0.8155940594059405 0.1171875 0.31435643564356436
0 0.16796875 0.44801980198019803 0.1046875 0.33910891089108913
0 0.0171875 0.46534653465346537 0.034375 0.34405940594059403
0 0.60703125 0.2784653465346535 0.0625 0.2871287128712871
0 0.5875 0.03589108910891089 0.084375 0.07178217821782178
0 0.59453125 0.5643564356435643 0.0765625 0.3118811881188119
0 0.41015625 0.06806930693069307 0.0515625 0.13613861386138615
0 0.5734375 0.19306930693069307 0.065625 0.15594059405940594
0 0.6578125 0.3341584158415842 0.0890625 0.3316831683168317
0 0.66640625 0.20297029702970298 0.0453125 0.14356435643564355
