0 0.47109375 0.44895833333333335 0.0140625 0.052083333333333336
0 0.4875 0.43645833333333334 0.0078125 0.03125
0 0.48046875 0.43645833333333334 0.0046875 0.027083333333333334
0 0.684375 0.5072916666666667 0.0125 0.022916666666666665
0 0.7171875 0.5177083333333333 0.0328125 0.01875
0 0.7375 0.50625 0.0171875 0.022916666666666665
0 0.85625 0.49166666666666664 0.01875 0.052083333333333336
0 0.646875 0.4583333333333333 0.00625 0.022916666666666665
0 0.83125 0.46458333333333335 0.009375 0.0125
0 0.97109375 0.4666666666666667 0.0078125 0.022916666666666665
0 0.58515625 0.4583333333333333 0.0078125 0.020833333333333332
0 0.1890625 0.6770833333333334 0.3671875 0.5083333333333333
0 0.52734375 0.434375 0.00625 0.020833333333333332