0 0.4328125 0.625 0.0265625 0.09375
0 0.48046875 0.6239583333333333 0.0171875 0.09166666666666666
0 0.265625 0.6114583333333333 0.0234375 0.07708333333333334
0 0.1359375 0.6114583333333333 0.0171875 0.06666666666666667
0 0.20546875 0.6135416666666667 0.0234375 0.07708333333333334
0 0.1640625 0.6104166666666667 0.0203125 0.07291666666666667
0 0.10625 0.5947916666666667 0.009375 0.03958333333333333
0 0.21875 0.6072916666666667 0.0125 0.04791666666666667
0 0.2359375 0.6145833333333334 0.021875 0.075
0 0.70625 0.5927083333333333 0.0140625 0.04583333333333333
0 0.9796875 0.5989583333333334 0.0125 0.05416666666666667
0 0.31875 0.609375 0.0171875 0.06041666666666667
0 0.95234375 0.6052083333333333 0.0125 0.0375