0 0.0014009765625 0.0026977249999999998 0.000047509375 0.00016010833333333335
0 0.0015122796875000001 0.0026956027777777776 0.0000367671875 0.00016435277777777777
0 0.99453125 0.9361111111111111 0.0109375 0.05
0 0.85390625 0.9583333333333334 0.0390625 0.06111111111111111
0 0.001262340625 0.0026935583333333336 0.000054956250000000004 0.00016844166666666666
0 0.50703125 0.9458333333333333 0.009375 0.04722222222222222
0 0.62734375 0.9625 0.0265625 0.06944444444444445
0 0.4171875 0.9611111111111111 0.009375 0.04722222222222222
0 0.4046875 0.9694444444444444 0.015625 0.058333333333333334
0 0.38515625 0.9472222222222222 0.009375 0.04722222222222222
0 0.74765625 0.9694444444444444 0.015625 0.06111111111111111
0 0.0005844359375000001 0.0027126555555555556 0.0000640375 0.00013024722222222223
0 0.884375 0.9486111111111111 0.0125 0.08333333333333333