0 0.209375 0.821875 0.03958333333333333 0.0484375
0 0.3614583333333333 0.8359375 0.06041666666666667 0.0796875
0 0.5239583333333333 0.81796875 0.08541666666666667 0.0921875
0 0.309375 0.81640625 0.035416666666666666 0.065625
0 0.28854166666666664 0.83828125 0.05625 0.0734375
0 0.22708333333333333 0.84921875 0.035416666666666666 0.046875
0 0.18854166666666666 0.85234375 0.058333333333333334 0.0375
0 0.396875 0.84296875 0.04583333333333333 0.05625
0 0.6520833333333333 0.83125 0.03125 0.03125
0 0.340625 0.83359375 0.03125 0.021875
0 0.621875 0.82578125 0.04791666666666667 0.05