0 0.54765625 0.4929742388758782 0.0328125 0.1358313817330211
0 0.71484375 0.4894613583138173 0.028125 0.1451990632318501
0 0.06171875 0.5152224824355972 0.053125 0.11007025761124122
0 0.6484375 0.4894613583138173 0.0171875 0.11007025761124122
0 0.8890625 0.4894613583138173 0.015625 0.07962529274004684
0 0.19609375 0.4929742388758782 0.0109375 0.05620608899297424
0 0.23828125 0.4953161592505855 0.015625 0.05620608899297424
0 0.31484375 0.5175644028103045 0.0390625 0.04918032786885246
0 0.48359375 0.4894613583138173 0.0109375 0.0468384074941452
0 0.8265625 0.4847775175644028 0.025 0.09133489461358314
0 0.671875 0.4894613583138173 0.028125 0.11475409836065574
0 0.6984375 0.4882903981264637 0.0078125 0.02107728337236534
0 0.16015625 0.5046838407494145 0.0109375 0.01873536299765808