0 0.1015625 0.7520833333333333 0.0875 0.3
0 0.4671875 0.7416666666666667 0.0515625 0.26458333333333334
0 0.54296875 0.69375 0.0328125 0.1125
0 0.225 0.665625 0.0421875 0.11666666666666667
0 0.42734375 0.6739583333333333 0.0203125 0.058333333333333334
0 0.3640625 0.6645833333333333 0.015625 0.041666666666666664
0 0.81640625 0.69375 0.0203125 0.06875
0 0.59765625 0.6989583333333333 0.034375 0.09375
0 0.03203125 0.653125 0.0125 0.07291666666666667
0 0.04765625 0.6614583333333334 0.0140625 0.06666666666666667
0 0.9828125 0.66875 0.00625 0.01875
0 0.1859375 0.64375 0.0140625 0.03125
0 0.94609375 0.6708333333333333 0.003125 0.016666666666666666