0 0.65625 0.5365566037735849 0.3171875 0.7004716981132075
0 0.6671875 0.8867924528301887 0.0390625 0.07783018867924528
0 0.39765625 0.46108490566037735 0.0890625 0.14858490566037735
0 0.32109375 0.30542452830188677 0.128125 0.18867924528301888
0 0.090625 0.09433962264150944 0.18125 0.18632075471698112
0 0.7109375 0.8820754716981132 0.0671875 0.09669811320754718
0 0.7171875 0.9433962264150944 0.078125 0.11320754716981132
0 0.59765625 0.6733490566037735 0.0609375 0.09669811320754718
0 0.4546875 0.7099056603773585 0.1640625 0.21462264150943397
0 0.76484375 0.964622641509434 0.0484375 0.07075471698113207
0 0.59140625 0.7511792452830188 0.078125 0.12264150943396226
0 0.35 0.44575471698113206 0.0390625 0.06132075471698113
0 0.3484375 0.3466981132075472 0.090625 0.16745283018867924