0 0.71484375 0.34227467811158796 0.25625 0.4206008583690987
0 0.88046875 0.14914163090128754 0.1171875 0.2939914163090129
0 0.72890625 0.07725321888412018 0.0890625 0.15236051502145923
0 0.1359375 0.24892703862660945 0.125 0.4978540772532189
0 0.2953125 0.21888412017167383 0.08125 0.3927038626609442
0 0.36640625 0.20708154506437768 0.084375 0.41416309012875535
0 0.4765625 0.2296137339055794 0.096875 0.4592274678111588
0 0.5296875 0.2167381974248927 0.0640625 0.3798283261802575
0 0.6015625 0.19313304721030042 0.0796875 0.37339055793991416
0 0.65703125 0.09656652360515021 0.0609375 0.18025751072961374
0 0.96875 0.24356223175965666 0.0625 0.4871244635193133
0 0.25390625 0.24248927038626608 0.071875 0.3540772532188841
0 0.7734375 0.07725321888412018 0.059375 0.15450643776824036
