0 0.5922897196261683 0.64375 0.2827102803738318 0.3515625
0 0.29439252336448596 0.4484375 0.02102803738317757 0.0203125
0 0.39953271028037385 0.45859375 0.02336448598130841 0.0390625
0 0.053738317757009345 0.49140625 0.06775700934579439 0.040625
0 0.05023364485981308 0.4625 0.03271028037383177 0.03125
0 0.741822429906542 0.546875 0.16121495327102803 0.1640625
0 0.10864485981308411 0.47421875 0.02336448598130841 0.046875
0 0.1542056074766355 0.47734375 0.02336448598130841 0.0515625
0 0.1308411214953271 0.47734375 0.02570093457943925 0.0453125
0 0.2803738317757009 0.4734375 0.028037383177570093 0.0515625
0 0.23014018691588786 0.4734375 0.018691588785046728 0.0546875
0 0.2488317757009346 0.4765625 0.02336448598130841 0.05
0 0.2091121495327103 0.47734375 0.028037383177570093 0.0484375
