0 0.54609375 0.5245901639344263 0.078125 0.2529274004683841
0 0.44609375 0.47306791569086654 0.05625 0.18032786885245902
0 0.1734375 0.639344262295082 0.190625 0.5644028103044496
0 0.6984375 0.4859484777517564 0.0640625 0.1756440281030445
0 0.8546875 0.47540983606557374 0.0140625 0.03747072599531616
0 0.9734375 0.4918032786885246 0.0453125 0.13348946135831383
0 0.50703125 0.5046838407494145 0.0421875 0.1756440281030445
0 0.22734375 0.4812646370023419 0.0625 0.22716627634660422
0 0.840625 0.46252927400468385 0.009375 0.03981264637002342
0 0.35390625 0.5128805620608899 0.03125 0.17096018735362997
0 0.5296875 0.5035128805620609 0.0234375 0.10772833723653395
0 0.8046875 0.4847775175644028 0.021875 0.11241217798594848