0 0.96015625 0.5169683257918553 0.0765625 0.45701357466063347
0 0.428125 0.332579185520362 0.0296875 0.06561085972850679
0 0.3703125 0.3167420814479638 0.046875 0.07239819004524888
0 0.5796875 0.34615384615384615 0.0171875 0.06561085972850679
0 0.05390625 0.2669683257918552 0.0328125 0.12895927601809956
0 0.47265625 0.33710407239819007 0.021875 0.06561085972850679
0 0.5109375 0.33031674208144796 0.0125 0.033936651583710405
0 0.490625 0.333710407239819 0.015625 0.06561085972850679
0 0.8453125 0.497737556561086 0.1125 0.5361990950226244
0 0.4 0.3167420814479638 0.0265625 0.04524886877828054
