0 0.9078125 0.5959821428571429 0.15625 0.734375
0 0.83203125 0.5591517857142857 0.078125 0.6450892857142857
0 0.76875 0.6004464285714286 0.153125 0.6830357142857143
0 0.59296875 0.6227678571428571 0.1640625 0.6696428571428571
0 0.55234375 0.5803571428571429 0.1 0.6517857142857143
0 0.4703125 0.6194196428571429 0.1109375 0.6339285714285714
0 0.41328125 0.5892857142857143 0.0796875 0.609375
0 0.35546875 0.6495535714285714 0.10625 0.5982142857142857
0 0.296875 0.5948660714285714 0.0765625 0.6205357142857143
0 0.1484375 0.6238839285714286 0.1390625 0.7098214285714286
0 0.25546875 0.6383928571428571 0.109375 0.6584821428571429
0 0.66484375 0.5904017857142857 0.1078125 0.6607142857142857
