0 0.6941176470588235 0.51328125 0.10823529411764705 0.1296875
0 0.3788235294117647 0.48984375 0.09647058823529411 0.1078125
0 0.7411764705882353 0.48046875 0.06588235294117648 0.0515625
0 0.12823529411764706 0.525 0.15529411764705883 0.1578125
0 0.9047058823529411 0.490625 0.03294117647058824 0.059375
0 0.4176470588235294 0.48125 0.04470588235294118 0.06875
0 0.3341176470588235 0.48359375 0.058823529411764705 0.0828125
0 0.9352941176470588 0.52265625 0.11764705882352941 0.1203125
0 0.9447058823529412 0.50390625 0.03529411764705882 0.0234375
0 0.20941176470588235 0.46328125 0.07529411764705882 0.04375
0 0.5529411764705883 0.47265625 0.058823529411764705 0.04375
0 0.30941176470588233 0.4875 0.042352941176470586 0.0796875
0 0.5211764705882352 0.50234375 0.09411764705882353 0.1140625