0 0.534375 0.7932242990654206 0.0640625 0.308411214953271
0 0.34453125 0.7850467289719626 0.0578125 0.2570093457943925
0 0.2109375 0.7768691588785047 0.075 0.34345794392523366
0 0.39453125 0.7850467289719626 0.053125 0.2266355140186916
0 0.77578125 0.7885514018691588 0.040625 0.21962616822429906
0 0.6734375 0.7838785046728972 0.040625 0.18457943925233644
0 0.9296875 0.7838785046728972 0.025 0.14719626168224298
0 0.01484375 0.7266355140186916 0.0203125 0.04205607476635514
0 0.84609375 0.772196261682243 0.040625 0.18691588785046728
0 0.71640625 0.780373831775701 0.053125 0.19626168224299065
0 0.86640625 0.7102803738317757 0.009375 0.018691588785046728
0 0.909375 0.7231308411214953 0.021875 0.030373831775700934
0 0.2984375 0.7570093457943925 0.0265625 0.12850467289719625