0 0.0005974250000000001 0.001831744730679157 0.0003100828125 0.0010203536299765808
0 0.00051013125 0.001899533957845433 0.0001747078125 0.000884775175644028
0 0.80390625 0.9203747072599532 0.09375 0.1592505854800937
0 0.121875 0.7646370023419203 0.16875 0.2646370023419204
0 0.23359375 0.711943793911007 0.0875 0.2927400468384075
0 0.56796875 0.5714285714285714 0.1421875 0.2576112412177986
0 0.001288428125 0.0017672459016393443 0.00027456093749999997 0.0011493512880562061
0 0.09609375 0.8676814988290398 0.1890625 0.2388758782201405
0 0.21328125 0.9250585480093677 0.0734375 0.14988290398126464
0 0.90078125 0.4672131147540984 0.0625 0.2505854800936768
0 0.5578125 0.7259953161592506 0.1375 0.3372365339578454
0 0.765625 0.8735362997658079 0.09375 0.2529274004683841
0 0.4828125 0.7213114754098361 0.0859375 0.34660421545667447