0 0.8009367681498829 0.53515625 0.3981264637002342 0.6734375
0 0.12763466042154567 0.33046875 0.16627634660421545 0.2390625
0 0.24941451990632318 0.2828125 0.13114754098360656 0.1765625
0 0.2576112412177986 0.9171875 0.5152224824355972 0.14375
0 0.8735362997658079 0.23203125 0.16627634660421545 0.1109375
0 0.32786885245901637 0.225 0.18501170960187355 0.184375
0 0.03395784543325527 0.40078125 0.06791569086651054 0.1734375
0 0.7552693208430913 0.225 0.11007025761124122 0.1078125
0 0.8079625292740047 0.24609375 0.2927400468384075 0.1953125
0 0.7388758782201406 0.34375 0.15456674473067916 0.0859375
0 0.7259953161592506 0.18828125 0.22014051522248243 0.15625
0 0.46955503512880564 0.16328125 0.117096018735363 0.0953125