0 0.57890625 0.334375 0.2296875 0.6666666666666666
0 0.16640625 0.3625 0.0609375 0.10416666666666667
0 0.67421875 0.23958333333333334 0.0453125 0.15833333333333333
0 0.66875 0.38125 0.1 0.15
0 0.4296875 0.37604166666666666 0.0703125 0.11875
0 0.36953125 0.36666666666666664 0.0734375 0.12291666666666666
0 0.72109375 0.3875 0.0984375 0.16458333333333333
0 0.83359375 0.378125 0.0625 0.11458333333333333
0 0.77421875 0.28541666666666665 0.0703125 0.21458333333333332
0 0.98828125 0.2677083333333333 0.0234375 0.12291666666666666
0 0.05625 0.2947916666666667 0.0421875 0.16458333333333333
0 0.40859375 0.37395833333333334 0.075 0.12083333333333333
0 0.4046875 0.36041666666666666 0.04375 0.08125