0 0.8890625 0.7134433962264151 0.2203125 0.5731132075471698
0 0.7046875 0.5518867924528302 0.3984375 0.875
0 0.46875 0.5625 0.2625 0.875
0 0.2796875 0.3608490566037736 0.08125 0.125
0 0.18203125 0.5023584905660378 0.134375 0.4811320754716981
0 0.184375 0.6957547169811321 0.1046875 0.6037735849056604
0 0.2609375 0.6839622641509434 0.109375 0.6037735849056604
0 0.609375 0.33726415094339623 0.04375 0.1650943396226415
0 0.30859375 0.7311320754716981 0.0734375 0.5377358490566038
0 0.3703125 0.5094339622641509 0.09375 0.6367924528301887
0 0.0828125 0.527122641509434 0.1046875 0.37735849056603776
0 0.08125 0.7558962264150944 0.0828125 0.46226415094339623
0 0.14609375 0.6768867924528302 0.0578125 0.37735849056603776