0 0.84609375 0.7564705882352941 0.271875 0.48705882352941177
0 0.065625 0.5505882352941176 0.125 0.8635294117647059
0 0.41328125 0.4682352941176471 0.06875 0.13411764705882354
0 0.57265625 0.5741176470588235 0.284375 0.7788235294117647
0 0.76640625 0.40588235294117647 0.0765625 0.2988235294117647
0 0.90546875 0.5494117647058824 0.140625 0.5129411764705882
0 0.734375 0.37411764705882355 0.0484375 0.1411764705882353
0 0.7 0.4576470588235294 0.065625 0.18823529411764706
0 0.31640625 0.5776470588235294 0.296875 0.8423529411764706
0 0.15390625 0.5741176470588235 0.0796875 0.35058823529411764
0 0.85703125 0.41058823529411764 0.0671875 0.27058823529411763
0 0.98046875 0.4858823529411765 0.0390625 0.3035294117647059
