0 0.6578125 0.6645833333333333 0.184375 0.65
0 0.37265625 0.44479166666666664 0.0640625 0.17916666666666667
0 0.2953125 0.4395833333333333 0.065625 0.19791666666666666
0 0.04765625 0.35 0.0953125 0.3458333333333333
0 0.3109375 0.3625 0.0734375 0.3125
0 0.61953125 0.271875 0.05625 0.18541666666666667
0 0.84609375 0.23541666666666666 0.0421875 0.1625
0 0.90859375 0.17708333333333334 0.025 0.12083333333333333
0 0.86875 0.5 0.0703125 0.35208333333333336
0 0.29375 0.21458333333333332 0.0703125 0.19583333333333333
0 0.14296875 0.434375 0.084375 0.225
0 0.23671875 0.4083333333333333 0.0734375 0.23125
0 0.43515625 0.45 0.059375 0.15208333333333332
