0 0.4309133489461358 0.5234375 0.65807962529274 0.7703125
0 0.41451990632318503 0.165625 0.14754098360655737 0.23125
0 0.5690866510538641 0.14140625 0.12646370023419204 0.1953125
0 0.8641686182669789 0.24453125 0.17330210772833723 0.4671875
0 0.3185011709601874 0.22578125 0.1405152224824356 0.3640625
0 0.23302107728337237 0.23515625 0.11007025761124122 0.3328125
0 0.1592505854800937 0.21015625 0.07962529274004684 0.2609375
0 0.7306791569086651 0.0375 0.07728337236533958 0.0734375
0 0.8536299765807962 0.665625 0.2927400468384075 0.4515625
0 0.7857142857142857 0.0671875 0.053864168618266976 0.13125
0 0.7353629976580797 0.2625 0.14754098360655737 0.3953125
0 0.7693208430913349 0.059375 0.0234192037470726 0.0375
0 0.07142857142857142 0.23828125 0.12412177985948478 0.3