0 0.48641975308641977 0.375 0.0962962962962963 0.6369047619047619
0 0.3567901234567901 0.5372023809523809 0.2839506172839506 0.4226190476190476
0 0.22592592592592592 0.6741071428571429 0.21481481481481482 0.625
0 0.7753086419753087 0.3005952380952381 0.1308641975308642 0.35119047619047616
0 0.12839506172839507 0.3273809523809524 0.06172839506172839 0.11904761904761904
0 0.345679012345679 0.34226190476190477 0.13333333333333333 0.12797619047619047
0 0.02962962962962963 0.3333333333333333 0.05925925925925926 0.08928571428571429
0 0.5604938271604938 0.30357142857142855 0.03209876543209877 0.05357142857142857
0 0.5777777777777777 0.2619047619047619 0.037037037037037035 0.1488095238095238
0 0.6530864197530865 0.33035714285714285 0.1925925925925926 0.6279761904761905
0 0.6283950617283951 0.12946428571428573 0.056790123456790124 0.10416666666666667