0 0.924 0.6306666666666667 0.038 0.14133333333333334
0 0.884 0.664 0.028 0.17333333333333334
0 0.768 0.5493333333333333 0.024 0.09866666666666667
0 0.74 0.568 0.024 0.06933333333333333
0 0.687 0.5586666666666666 0.044 0.08
0 0.553 0.5026666666666667 0.024 0.04533333333333334
0 0.271 0.6666666666666666 0.062 0.176
0 0.848 0.6546666666666666 0.04 0.144
0 0.811 0.616 0.03 0.13866666666666666
0 0.87 0.5493333333333333 0.026 0.096
0 0.834 0.704 0.052 0.10666666666666667
0 0.925 0.5466666666666666 0.032 0.07466666666666667
0 0.475 0.524 0.018 0.08266666666666667
