0 0.49765625 0.3875 0.0515625 0.08333333333333333
0 0.5234375 0.32083333333333336 0.0453125 0.1625
0 0.48203125 0.34791666666666665 0.021875 0.08125
0 0.41015625 0.29270833333333335 0.028125 0.18333333333333332
0 0.3921875 0.3020833333333333 0.015625 0.15416666666666667
0 0.8296875 0.528125 0.1453125 0.13125
0 0.7359375 0.30416666666666664 0.0234375 0.03333333333333333
0 0.81484375 0.31354166666666666 0.01875 0.03333333333333333
0 0.3421875 0.403125 0.15 0.06875
0 0.58125 0.29270833333333335 0.0109375 0.03333333333333333
0 0.8984375 0.3802083333333333 0.046875 0.025