0 0.5588235294117647 0.6078431372549019 0.0915032679738562 0.23039215686274508
0 0.47794117647058826 0.6013071895424836 0.12091503267973856 0.24183006535947713
0 0.28513071895424835 0.5751633986928104 0.10784313725490197 0.2647058823529412
0 0.9338235294117647 0.6617647058823529 0.09640522875816994 0.1454248366013072
0 0.08660130718954248 0.5988562091503268 0.049019607843137254 0.17483660130718953
0 0.041666666666666664 0.5857843137254902 0.06372549019607843 0.23202614379084968
0 0.35947712418300654 0.5931372549019608 0.07352941176470588 0.21241830065359477
0 0.6503267973856209 0.6143790849673203 0.10130718954248366 0.272875816993464
0 0.7818627450980392 0.6593137254901961 0.05555555555555555 0.15849673202614378
0 0.1503267973856209 0.5816993464052288 0.06862745098039216 0.23202614379084968
0 0.6593137254901961 0.6642156862745098 0.10620915032679738 0.09967320261437909
0 0.8186274509803921 0.6225490196078431 0.08006535947712418 0.2369281045751634