0 0.51640625 0.44780793319415446 0.3578125 0.6471816283924844
0 0.1203125 0.2546972860125261 0.10625 0.3945720250521921
0 0.9609375 0.0709812108559499 0.028125 0.04175365344467641
0 0.21640625 0.2453027139874739 0.0828125 0.3862212943632568
0 0.51796875 0.10438413361169102 0.046875 0.11064718162839249
0 0.63671875 0.15762004175365343 0.071875 0.2045929018789144
0 0.79921875 0.2609603340292276 0.08125 0.33611691022964507
0 0.86484375 0.267223382045929 0.1046875 0.348643006263048
0 0.94453125 0.302713987473904 0.0890625 0.35281837160751567
0 0.4390625 0.1440501043841336 0.065625 0.162839248434238
0 0.73984375 0.2599164926931106 0.0859375 0.38204592901878914
0 0.45234375 0.2745302713987474 0.084375 0.17536534446764093
0 0.31640625 0.09812108559498957 0.03125 0.0709812108559499
