0 0.12336244541484716 0.34453125 0.24672489082969432 0.4890625
0 0.39737991266375544 0.25078125 0.16593886462882096 0.1421875
0 0.6943231441048034 0.278125 0.17467248908296942 0.1640625
0 0.5502183406113537 0.5125 0.8799126637554585 0.8140625
0 0.861353711790393 0.47265625 0.27510917030567683 0.2140625
0 0.001955150655021834 0.0008095453125000001 0.0004565131004366812 0.0002901375
0 0.9203056768558951 0.571875 0.15938864628820962 0.2234375
0 0.9541484716157205 0.72734375 0.09170305676855896 0.1078125
0 0.00017226419213973797 0.0014450078125 0.00034138427947598253 0.0002349859375
0 0.3231441048034934 0.428125 0.1943231441048035 0.1328125
0 0.8875545851528385 0.33359375 0.21615720524017468 0.2421875