0 0.40234375 0.5416666666666666 0.1328125 0.15416666666666667
0 0.275 0.5208333333333334 0.16875 0.20416666666666666
0 0.0703125 0.04479166666666667 0.0640625 0.07083333333333333
0 0.43828125 0.246875 0.021875 0.09583333333333334
0 0.5140625 0.20625 0.05 0.12708333333333333
0 0.50234375 0.023958333333333335 0.05 0.04791666666666667
0 0.71015625 0.20208333333333334 0.084375 0.17291666666666666
0 0.11015625 0.21145833333333333 0.071875 0.18958333333333333
0 0.5609375 0.525 0.1671875 0.25833333333333336
0 0.92890625 0.196875 0.065625 0.12916666666666668
0 0.128125 0.034375 0.053125 0.06875
0 0.659375 0.21458333333333332 0.025 0.15208333333333332
0 0.4140625 0.025 0.0453125 0.05