0 0.8984375 0.3364389233954451 0.06875 0.37267080745341613
0 0.9671875 0.36231884057971014 0.065625 0.3064182194616977
0 0.87421875 0.3385093167701863 0.0421875 0.3250517598343685
0 0.79375 0.33954451345755693 0.08125 0.36024844720496896
0 0.16484375 0.2556935817805383 0.0265625 0.06832298136645963
0 0.2578125 0.37370600414078675 0.0984375 0.36024844720496896
0 0.09921875 0.18115942028985507 0.0671875 0.10559006211180125
0 0.834375 0.3530020703933747 0.08125 0.38716356107660455
0 0.20078125 0.35403726708074534 0.0578125 0.19668737060041408
0 0.109375 0.37370600414078675 0.084375 0.2732919254658385
0 0.590625 0.40890269151138714 0.090625 0.20496894409937888
0 0.1625 0.38819875776397517 0.0578125 0.2401656314699793
0 0.321875 0.2163561076604555 0.040625 0.049689440993788817
