0 0.64921875 0.7405660377358491 0.0625 0.35377358490566035
0 0.8 0.7971698113207547 0.0421875 0.37735849056603776
0 0.6734375 0.7240566037735849 0.0328125 0.3160377358490566
0 0.41484375 0.7216981132075472 0.0234375 0.30660377358490565
0 0.44296875 0.7287735849056604 0.0359375 0.29245283018867924
0 0.86953125 0.7688679245283019 0.053125 0.37735849056603776
0 0.32421875 0.7358490566037735 0.0296875 0.2641509433962264
0 0.290625 0.7429245283018868 0.0296875 0.2688679245283019
0 0.6109375 0.7240566037735849 0.0453125 0.3632075471698113
0 0.4859375 0.7193396226415094 0.0296875 0.330188679245283
