0 0.68984375 0.5273348519362187 0.021875 0.04100227790432802
0 0.3421875 0.5523917995444191 0.0453125 0.03416856492027335
0 0.38828125 0.5455580865603644 0.0203125 0.03189066059225513
0 0.171875 0.5637813211845103 0.0296875 0.03189066059225513
0 0.2796875 0.5558086560364465 0.01875 0.03189066059225513
0 0.5765625 0.5364464692482915 0.025 0.03416856492027335
0 0.64765625 0.5330296127562643 0.0234375 0.03416856492027335
0 0.80234375 0.5216400911161732 0.0234375 0.0387243735763098
0 0.18984375 0.5603644646924829 0.0125 0.04328018223234624
0 0.42890625 0.5444191343963554 0.021875 0.03644646924829157
0 0.4390625 0.5455580865603644 0.0140625 0.03416856492027335
0 0.24375 0.5523917995444191 0.040625 0.04783599088838269
0 0.82109375 0.5227790432801822 0.0171875 0.03189066059225513