0 0.18828125 0.8720565149136578 0.2765625 0.2150706436420722
0 0.4734375 0.7237048665620094 0.103125 0.10204081632653061
0 0.92578125 0.8846153846153846 0.0984375 0.18838304552590268
0 0.15859375 0.41130298273155413 0.196875 0.0989010989010989
0 0.8921875 0.4364207221350079 0.0484375 0.16169544740973313
0 0.8203125 0.43720565149136575 0.075 0.14913657770800628
0 0.18125 0.08869701726844584 0.090625 0.11930926216640503
0 0.53046875 0.08084772370486656 0.0734375 0.10518053375196232
0 0.81328125 0.12637362637362637 0.1359375 0.16012558869701726
0 0.453125 0.7731554160125589 0.1515625 0.15855572998430142
0 0.4796875 0.09811616954474098 0.090625 0.0847723704866562
0 0.38125 0.6004709576138147 0.0484375 0.10675039246467818
0 0.559375 0.7150706436420722 0.05625 0.0847723704866562