0 0.409375 0.5979166666666667 0.2265625 0.3645833333333333
0 0.72578125 0.634375 0.1671875 0.2604166666666667
0 0.87578125 0.6104166666666667 0.1625 0.33125
0 0.65546875 0.409375 0.0359375 0.17083333333333334
0 0.66171875 0.30520833333333336 0.025 0.041666666666666664
0 0.90625 0.421875 0.05625 0.1875
0 0.95625 0.425 0.0578125 0.18958333333333333
0 0.5109375 0.42291666666666666 0.0484375 0.11666666666666667
0 0.77734375 0.4322916666666667 0.0734375 0.17291666666666666
0 0.73125 0.41458333333333336 0.05 0.16875
0 0.20625 0.34270833333333334 0.0578125 0.075
0 0.5953125 0.3072916666666667 0.0375 0.05625
0 0.68515625 0.303125 0.0453125 0.0625