0 0.96015625 0.6232686980609419 0.0796875 0.3878116343490305
0 0.77890625 0.7229916897506925 0.0515625 0.3157894736842105
0 0.82421875 0.7132963988919667 0.0640625 0.4404432132963989
0 0.73828125 0.6966759002770083 0.059375 0.29362880886426596
0 0.65703125 0.6634349030470914 0.028125 0.2077562326869806
0 0.6125 0.6385041551246537 0.025 0.18005540166204986
0 0.58671875 0.628808864265928 0.028125 0.15789473684210525
0 0.56796875 0.6301939058171745 0.0234375 0.11080332409972299
0 0.6359375 0.5609418282548476 0.0109375 0.027700831024930747
0 0.70859375 0.6786703601108033 0.05 0.30193905817174516
0 0.88203125 0.7105263157894737 0.109375 0.556786703601108
0 0.50234375 0.6038781163434903 0.021875 0.060941828254847646
0 0.52890625 0.6038781163434903 0.009375 0.0664819944598338