0 0.55078125 0.5245901639344263 0.08125 0.4098360655737705
0 0.75 0.3255269320843091 0.103125 0.19437939110070257
0 0.81953125 0.10070257611241218 0.0734375 0.20140515222482436
0 0.75546875 0.10889929742388758 0.071875 0.18266978922716628
0 0.26484375 0.2576112412177986 0.0796875 0.11007025761124122
0 0.5046875 0.1323185011709602 0.075 0.24121779859484777
0 0.46953125 0.03981264637002342 0.028125 0.07962529274004684
0 0.615625 0.1686182669789227 0.06875 0.1522248243559719
0 0.6875 0.18969555035128804 0.075 0.20374707259953162
0 0.61796875 0.2576112412177986 0.06875 0.09601873536299765
0 0.13125 0.5761124121779859 0.1078125 0.3700234192037471
0 0.86640625 0.23536299765807964 0.08125 0.24355971896955503
0 0.265625 0.572599531615925 0.171875 0.6838407494145199
