0 0.55078125 0.5363849765258216 0.1640625 0.755868544600939
0 0.28203125 0.5305164319248826 0.1234375 0.5985915492957746
0 0.77734375 0.465962441314554 0.096875 0.4084507042253521
0 0.46171875 0.397887323943662 0.05 0.24178403755868544
0 0.41171875 0.4107981220657277 0.0765625 0.24882629107981222
0 0.8390625 0.4413145539906103 0.075 0.392018779342723
0 0.91796875 0.5234741784037559 0.1328125 0.5469483568075117
0 0.8078125 0.27699530516431925 0.0109375 0.03051643192488263
0 0.6671875 0.3568075117370892 0.0515625 0.22065727699530516
0 0.3375 0.38380281690140844 0.053125 0.27230046948356806
0 0.88828125 0.49413145539906106 0.0640625 0.42488262910798125
0 0.70234375 0.4284037558685446 0.0796875 0.34507042253521125