0 0.7703125 0.5963302752293578 0.43125 0.7706422018348624
0 0.5828125 0.5344036697247706 0.096875 0.23853211009174313
0 0.1390625 0.25229357798165136 0.125 0.09403669724770643
0 0.40234375 0.4139908256880734 0.15625 0.23623853211009174
0 0.346875 0.3876146788990826 0.1125 0.17889908256880735
0 0.16640625 0.5034403669724771 0.140625 0.23623853211009174
0 0.19609375 0.37844036697247707 0.171875 0.19036697247706422
0 0.45078125 0.6880733944954128 0.2015625 0.26605504587155965
0 0.08828125 0.5619266055045872 0.1734375 0.1926605504587156
0 0.2421875 0.6777522935779816 0.1734375 0.15825688073394495
0 0.52265625 0.46788990825688076 0.1109375 0.2408256880733945
