0 0.59609375 0.6243432574430823 0.2140625 0.7285464098073555
0 0.421875 0.6225919439579685 0.1421875 0.3274956217162872
0 0.38203125 0.7267950963222417 0.2140625 0.5288966725043783
0 0.096875 0.5569176882661997 0.19375 0.14886164623467601
0 0.909375 0.5796847635726795 0.18125 0.159369527145359
0 0.446875 0.4176882661996497 0.090625 0.27845884413309985
0 0.70859375 0.48774080560420313 0.0640625 0.13485113835376533
0 0.53203125 0.3126094570928196 0.071875 0.15761821366024517
0 0.66796875 0.330122591943958 0.03125 0.1243432574430823
0 0.49140625 0.3169877408056042 0.0265625 0.07530647985989491
0 0.73125 0.9124343257443083 0.1046875 0.15586690017513136