0 0.5026666666666667 0.563 0.050666666666666665 0.032
0 0.6306666666666667 0.579 0.05333333333333334 0.066
0 0.8053333333333333 0.578 0.05333333333333334 0.062
0 0.24933333333333332 0.592 0.029333333333333333 0.058
0 0.612 0.547 0.013333333333333334 0.018
0 0.5826666666666667 0.578 0.042666666666666665 0.034
0 0.428 0.561 0.034666666666666665 0.036
0 0.4026666666666667 0.572 0.010666666666666666 0.022
0 0.5226666666666666 0.56 0.018666666666666668 0.026
0 0.7253333333333334 0.6 0.037333333333333336 0.08
0 0.704 0.585 0.029333333333333333 0.07
0 0.548 0.564 0.04 0.032
0 0.26266666666666666 0.563 0.016 0.034