0 0.9075 0.38222222222222224 0.10333333333333333 0.3977777777777778
0 0.08083333333333333 0.27555555555555555 0.095 0.16444444444444445
0 0.6375 0.2477777777777778 0.06833333333333333 0.19333333333333333
0 0.29833333333333334 0.46111111111111114 0.16333333333333333 0.4911111111111111
0 0.43083333333333335 0.13333333333333333 0.02666666666666667 0.06666666666666667
0 0.415 0.12111111111111111 0.028333333333333332 0.06
0 0.19333333333333333 0.058888888888888886 0.03 0.06
0 0.17333333333333334 0.05444444444444444 0.021666666666666667 0.05555555555555555
0 0.8183333333333334 0.25 0.058333333333333334 0.08222222222222222
0 0.8308333333333333 0.26 0.051666666666666666 0.08888888888888889
0 0.7233333333333334 0.2633333333333333 0.04666666666666667 0.1622222222222222
