0 0.66640625 0.4822916666666667 0.021875 0.06666666666666667
0 0.69765625 0.48125 0.025 0.06875
0 0.85390625 0.5166666666666667 0.0203125 0.04791666666666667
0 0.72421875 0.49270833333333336 0.0328125 0.06875
0 0.81640625 0.48020833333333335 0.015625 0.022916666666666665
0 0.78203125 0.48125 0.009375 0.020833333333333332
0 0.77109375 0.5041666666666667 0.0109375 0.03333333333333333
0 0.5921875 0.45208333333333334 0.04375 0.07916666666666666
0 0.84375 0.5083333333333333 0.015625 0.06041666666666667
0 0.8046875 0.5145833333333333 0.009375 0.029166666666666667
0 0.77890625 0.5104166666666666 0.01875 0.027083333333333334
0 0.80703125 0.4895833333333333 0.0109375 0.020833333333333332
0 0.6546875 0.47604166666666664 0.0140625 0.07708333333333334