0 0.32890625 0.702576112412178 0.0234375 0.07494145199063232
0 0.35390625 0.7377049180327869 0.028125 0.07962529274004684
0 0.671875 0.6053864168618267 0.0171875 0.06791569086651054
0 0.68671875 0.6018735362997658 0.0140625 0.0468384074941452
0 0.73359375 0.5714285714285714 0.009375 0.03747072599531616
0 0.74375 0.5433255269320844 0.00625 0.02810304449648712
0 0.30546875 0.5749414519906323 0.009375 0.04215456674473068
0 0.88125 0.550351288056206 0.0078125 0.03044496487119438
0 0.7421875 0.5831381733021077 0.0125 0.0585480093676815
0 0.89765625 0.5456674473067916 0.009375 0.03278688524590164
0 0.284375 0.5925058548009368 0.009375 0.0468384074941452
0 0.3203125 0.5807962529274004 0.0078125 0.03981264637002342
