0 0.60546875 0.48705882352941177 0.00625 0.02823529411764706
0 0.1578125 0.8870588235294118 0.0296875 0.08235294117647059
0 0.8375 0.4835294117647059 0.009375 0.03058823529411765
0 0.79296875 0.48470588235294115 0.0078125 0.03294117647058824
0 0.5078125 0.4823529411764706 0.0078125 0.01411764705882353
0 0.42421875 0.49058823529411766 0.0078125 0.02588235294117647
0 0.240625 0.49058823529411766 0.0078125 0.02588235294117647
0 0.6109375 0.6717647058823529 0.0140625 0.021176470588235293
0 0.6171875 0.6517647058823529 0.009375 0.01647058823529412
0 0.17890625 0.6164705882352941 0.0109375 0.02588235294117647
0 0.75625 0.4152941176470588 0.00625 0.02823529411764706
0 0.79140625 0.4152941176470588 0.009375 0.02588235294117647
0 0.13984375 0.6247058823529412 0.0109375 0.023529411764705882