0 0.57109375 0.759375 0.2703125 0.4625
0 0.79609375 0.8291666666666667 0.0328125 0.10625
0 0.89609375 0.78125 0.2046875 0.40625
0 0.68359375 0.8645833333333334 0.15 0.26666666666666666
0 0.378125 0.6489583333333333 0.484375 0.7020833333333333
0 0.77421875 0.43854166666666666 0.4515625 0.8770833333333333
0 0.76328125 0.8083333333333333 0.0765625 0.15833333333333333
0 0.815625 0.76875 0.1171875 0.3770833333333333
0 0.85390625 0.3770833333333333 0.0578125 0.07708333333333334
0 0.57734375 0.6854166666666667 0.0453125 0.05416666666666667
0 0.74375 0.8864583333333333 0.059375 0.09583333333333334
0 0.709375 0.875 0.13125 0.20625