0 0.08125 0.41155234657039713 0.11875 0.36101083032490977
0 0.19921875 0.4602888086642599 0.1328125 0.36462093862815886
0 0.24921875 0.47653429602888087 0.1046875 0.3249097472924188
0 0.37890625 0.4657039711191336 0.1375 0.3898916967509025
0 0.81015625 0.37364620938628157 0.1109375 0.6498194945848376
0 0.2421875 0.296028880866426 0.021875 0.1371841155234657
0 0.703125 0.555956678700361 0.190625 0.2888086642599278
0 0.603125 0.4855595667870036 0.196875 0.4332129963898917
0 0.4578125 0.4657039711191336 0.1765625 0.4404332129963899
0 0.14140625 0.41335740072202165 0.121875 0.23465703971119134
0 0.071875 0.29061371841155237 0.096875 0.30685920577617326
0 0.5203125 0.4566787003610108 0.159375 0.2888086642599278
0 0.3203125 0.47833935018050544 0.1359375 0.37184115523465705