0 0.6953125 0.4765807962529274 0.221875 0.4964871194379391
0 0.11953125 0.3875878220140515 0.0421875 0.13114754098360656
0 0.22421875 0.3079625292740047 0.0328125 0.1288056206088993
0 0.309375 0.32786885245901637 0.046875 0.11943793911007025
0 0.44921875 0.36768149882903983 0.0390625 0.11241217798594848
0 0.540625 0.2962529274004684 0.0359375 0.13348946135831383
0 0.18203125 0.16744730679156908 0.0359375 0.11943793911007025
0 0.34140625 0.15690866510538642 0.028125 0.12412177985948478
0 0.44921875 0.15690866510538642 0.0265625 0.07494145199063232
0 0.7 0.24707259953161592 0.0453125 0.12177985948477751
0 0.47578125 0.2189695550351288 0.0421875 0.1288056206088993
0 0.39140625 0.26346604215456676 0.0453125 0.1288056206088993
0 0.246875 0.1721311475409836 0.0328125 0.06323185011709602