0 0.3 0.5188679245283019 0.0453125 0.09198113207547169
0 0.2546875 0.4964622641509434 0.0671875 0.11320754716981132
0 0.1328125 0.4834905660377358 0.0265625 0.049528301886792456
0 0.12578125 0.43985849056603776 0.0375 0.08018867924528301
0 0.17109375 0.419811320754717 0.034375 0.05188679245283019
0 0.190625 0.4080188679245283 0.0453125 0.08018867924528301
0 0.22265625 0.4846698113207547 0.0484375 0.1179245283018868
0 0.18984375 0.5023584905660378 0.021875 0.04245283018867924
0 0.17890625 0.4893867924528302 0.0484375 0.08726415094339622
0 0.146875 0.4516509433962264 0.0453125 0.13679245283018868
0 0.40625 0.49292452830188677 0.0765625 0.14622641509433962