0 0.075 0.24895833333333334 0.0984375 0.3729166666666667
0 0.85859375 0.14270833333333333 0.0390625 0.14583333333333334
0 0.815625 0.14791666666666667 0.0390625 0.12916666666666668
0 0.66953125 0.1125 0.0265625 0.09583333333333334
0 0.7921875 0.13229166666666667 0.025 0.10625
0 0.878125 0.121875 0.021875 0.12291666666666666
0 0.7453125 0.09270833333333334 0.0140625 0.06875
0 0.78671875 0.13958333333333334 0.0328125 0.13958333333333334
0 0.7078125 0.115625 0.01875 0.08958333333333333
0 0.83359375 0.13854166666666667 0.0359375 0.1375
0 0.95625 0.16041666666666668 0.0328125 0.1375
0 0.896875 0.10416666666666667 0.0125 0.0625
0 0.046875 0.23229166666666667 0.09375 0.34791666666666665