0 0.6850220264317181 0.35625 0.2753303964757709 0.5859375
0 0.43722466960352424 0.4765625 0.4118942731277533 0.8296875
0 0.12004405286343613 0.26171875 0.22246696035242292 0.5140625
0 0.9262114537444934 0.93984375 0.14757709251101322 0.1203125
0 0.8557268722466961 0.16875 0.20044052863436124 0.3359375
0 0.748898678414097 0.11484375 0.09911894273127753 0.18125
0 0.6332599118942731 0.03671875 0.1013215859030837 0.0703125
0 0.5506607929515418 0.034375 0.08590308370044053 0.06875
0 0.034140969162995596 0.2171875 0.06828193832599119 0.3859375
0 0.9845814977973568 0.084375 0.030837004405286344 0.0796875
0 0.3997797356828194 0.040625 0.11894273127753303 0.0671875
0 0.2555066079295154 0.06484375 0.08590308370044053 0.1296875
0 0.30506607929515417 0.3109375 0.2444933920704846 0.58125