0 0.5135416666666667 0.696875 0.14375 0.2
0 0.31979166666666664 0.659375 0.1 0.1765625
0 0.41354166666666664 0.6546875 0.08333333333333333 0.084375
0 0.759375 0.6765625 0.10833333333333334 0.1203125
0 0.60625 0.6625 0.1 0.1171875
0 0.9385416666666667 0.69921875 0.11041666666666666 0.21875
0 0.22708333333333333 0.77734375 0.45416666666666666 0.4171875
0 0.3729166666666667 0.675 0.09166666666666666 0.1234375
0 0.4552083333333333 0.640625 0.05416666666666667 0.0390625
0 0.4791666666666667 0.628125 0.03125 0.03125
0 0.6958333333333333 0.63125 0.04791666666666667 0.0625
0 0.057291666666666664 0.6140625 0.03958333333333333 0.0390625
