0 0.33515625 0.7049180327868853 0.13125 0.5175644028103045
0 0.45078125 0.7107728337236534 0.1109375 0.5292740046838408
0 0.525 0.5749414519906323 0.0765625 0.32786885245901637
0 0.65234375 0.6100702576112412 0.0734375 0.33021077283372363
0 0.7703125 0.7142857142857143 0.0546875 0.26697892271662765
0 0.221875 0.5374707259953162 0.06875 0.26697892271662765
0 0.0640625 0.5023419203747073 0.06875 0.2716627634660422
0 0.584375 0.6405152224824356 0.065625 0.1920374707259953
0 0.40390625 0.5374707259953162 0.034375 0.17798594847775176
0 0.2890625 0.40046838407494145 0.0390625 0.10070257611241218
0 0.846875 0.6135831381733021 0.040625 0.11241217798594848
0 0.915625 0.7224824355971897 0.153125 0.3325526932084309
0 0.140625 0.4718969555035129 0.0453125 0.21311475409836064
