0 0.36171875 0.6104166666666667 0.0390625 0.19375
0 0.62734375 0.4895833333333333 0.03125 0.11875
0 0.7125 0.5 0.015625 0.05416666666666667
0 0.88203125 0.6489583333333333 0.05625 0.23125
0 0.67421875 0.484375 0.0125 0.05625
0 0.09453125 0.5 0.034375 0.11666666666666667
0 0.53125 0.5135416666666667 0.0296875 0.07291666666666667
0 0.50546875 0.484375 0.021875 0.05
0 0.5609375 0.46770833333333334 0.01875 0.06875
0 0.19609375 0.5104166666666666 0.021875 0.09166666666666666
0 0.39609375 0.9302083333333333 0.2015625 0.13958333333333334
0 0.64921875 0.49270833333333336 0.0171875 0.025
0 0.86328125 0.478125 0.0171875 0.08125