0 0.06328125 0.5878220140515222 0.1078125 0.37236533957845436
0 0.146875 0.5117096018735363 0.0421875 0.117096018735363
0 0.18203125 0.5210772833723654 0.0359375 0.12646370023419204
0 0.23828125 0.5081967213114754 0.01875 0.10070257611241218
0 0.2546875 0.5105386416861827 0.025 0.09601873536299765
0 0.86640625 0.5081967213114754 0.0109375 0.0351288056206089
0 0.2140625 0.5023419203747073 0.0171875 0.08196721311475409
0 0.321875 0.5210772833723654 0.0109375 0.07962529274004684
0 0.34765625 0.5011709601873536 0.0078125 0.03981264637002342
0 0.3125 0.4894613583138173 0.0109375 0.04449648711943794
