0 0.4811715481171548 0.3671875 0.8179916317991632 0.73125
0 0.060669456066945605 0.14375 0.10460251046025104 0.0859375
0 0.151673640167364 0.240625 0.12552301255230125 0.1484375
0 0.799163179916318 0.20234375 0.24686192468619247 0.140625
0 0.002012679916317992 0.00030720156250000003 0.0001587426778242678 0.000151171875
0 0.08577405857740586 0.125 0.07531380753138076 0.0921875
0 0.7667364016736402 0.15703125 0.060669456066945605 0.0484375
0 0.34414225941422594 0.175 0.03556485355648536 0.0765625
0 0.21443514644351463 0.18046875 0.06485355648535565 0.1046875
0 0.8671548117154811 0.20859375 0.08368200836820083 0.0625
0 0.08054393305439331 0.23125 0.16108786610878661 0.1890625
0 0.007322175732217573 0.1 0.014644351464435146 0.0390625
0 0.0397489539748954 0.303125 0.0794979079497908 0.1546875
