0 0.77109375 0.203125 0.0609375 0.175
0 0.190625 0.22916666666666666 0.05 0.12083333333333333
0 0.271875 0.20104166666666667 0.1 0.25416666666666665
0 0.44453125 0.25729166666666664 0.0875 0.29791666666666666
0 0.4953125 0.21666666666666667 0.0578125 0.16875
0 0.7859375 0.575 0.2375 0.85
0 0.67578125 0.246875 0.04375 0.17291666666666666
0 0.71328125 0.17291666666666666 0.0421875 0.052083333333333336
0 0.728125 0.16145833333333334 0.0640625 0.10625
0 0.9078125 0.41458333333333336 0.0875 0.41875
0 0.3546875 0.315625 0.26875 0.3625
0 0.50546875 0.18229166666666666 0.021875 0.029166666666666667
0 0.68828125 0.31354166666666666 0.2234375 0.24375
