0 0.115625 0.6690140845070423 0.021875 0.10093896713615023
0 0.15859375 0.6725352112676056 0.0203125 0.09624413145539906
0 0.96015625 0.6807511737089202 0.0359375 0.1056338028169014
0 0.63828125 0.6220657276995305 0.0109375 0.046948356807511735
0 0.653125 0.6255868544600939 0.0078125 0.03755868544600939
0 0.83515625 0.6267605633802817 0.0125 0.03286384976525822
0 0.84921875 0.6232394366197183 0.0109375 0.02112676056338028
0 0.65 0.6901408450704225 0.0171875 0.028169014084507043
0 0.62578125 0.6255868544600939 0.0125 0.04225352112676056
0 0.9046875 0.6842723004694836 0.0203125 0.10093896713615023
0 0.28125 0.6748826291079812 0.0125 0.03990610328638498
0 0.6375 0.6842723004694836 0.0171875 0.035211267605633804