0 0.5171875 0.5163551401869159 0.084375 0.1378504672897196
0 0.68515625 0.4053738317757009 0.009375 0.016355140186915886
0 0.9078125 0.46845794392523366 0.021875 0.03271028037383177
0 0.9625 0.49182242990654207 0.021875 0.030373831775700934
0 0.80625 0.46261682242990654 0.015625 0.030373831775700934
0 0.63828125 0.37850467289719625 0.0078125 0.014018691588785047
0 0.9328125 0.4264018691588785 0.0109375 0.018691588785046728
0 0.69453125 0.3820093457943925 0.0109375 0.018691588785046728
0 0.9921875 0.42289719626168226 0.015625 0.02570093457943925
0 0.9 0.4147196261682243 0.009375 0.018691588785046728
0 0.65078125 0.3820093457943925 0.0078125 0.014018691588785047
0 0.15703125 0.38434579439252337 0.0109375 0.018691588785046728
