0 0.6455399061032864 0.59765625 0.28169014084507044 0.6578125
0 0.12793427230046947 0.365625 0.2112676056338028 0.2796875
0 0.5352112676056338 0.40625 0.1596244131455399 0.165625
0 0.2676056338028169 0.39296875 0.1431924882629108 0.1890625
0 0.3755868544600939 0.4078125 0.1784037558685446 0.1421875
0 0.7406103286384976 0.3828125 0.1267605633802817 0.1390625
0 0.8333333333333334 0.39765625 0.13380281690140844 0.146875
0 0.9307511737089202 0.4 0.13849765258215962 0.125
0 0.44014084507042256 0.41328125 0.0892018779342723 0.1515625
0 0.051643192488262914 0.43671875 0.10328638497652583 0.1375
0 0.3544600938967136 0.325 0.07981220657276995 0.059375
0 0.017605633802816902 0.31484375 0.035211267605633804 0.115625
0 0.5985915492957746 0.36640625 0.0539906103286385 0.0734375