0 0.45078125 0.22588235294117648 0.1546875 0.3788235294117647
0 0.678125 0.38235294117647056 0.153125 0.6235294117647059
0 0.790625 0.3023529411764706 0.05625 0.2023529411764706
0 0.83671875 0.30117647058823527 0.0453125 0.2023529411764706
0 0.76015625 0.2611764705882353 0.034375 0.09411764705882353
0 0.15234375 0.3635294117647059 0.0828125 0.3764705882352941
0 0.25078125 0.3352941176470588 0.053125 0.2823529411764706
0 0.87890625 0.2741176470588235 0.025 0.11764705882352941
0 0.3609375 0.28352941176470586 0.0125 0.08
0 0.31171875 0.3352941176470588 0.0609375 0.2917647058823529
0 0.85625 0.2447058823529412 0.0109375 0.04470588235294118
0 0.9046875 0.25058823529411767 0.015625 0.06588235294117648
0 0.19609375 0.2964705882352941 0.0265625 0.10352941176470588