0 0.23515625 0.6074766355140186 0.09375 0.39953271028037385
0 0.43671875 0.38317757009345793 0.35625 0.441588785046729
0 0.41796875 0.6296728971962616 0.125 0.34813084112149534
0 0.58984375 0.6483644859813084 0.0921875 0.3294392523364486
0 0.66328125 0.522196261682243 0.0828125 0.23598130841121495
0 0.5 0.6728971962616822 0.0921875 0.2827102803738318
0 0.07578125 0.5455607476635514 0.128125 0.31542056074766356
0 0.0011100953125 0.001936196261682243 0.0001969484375 0.0008005070093457944
0 0.8296875 0.8095794392523364 0.125 0.3808411214953271
0 0.95234375 0.8177570093457944 0.09375 0.352803738317757
0 0.86484375 0.6530373831775701 0.0390625 0.102803738317757
0 0.15078125 0.6214953271028038 0.071875 0.35046728971962615
0 0.7296875 0.6495327102803738 0.0890625 0.37850467289719625