0 0.588 0.5105105105105106 0.368 0.2732732732732733
0 0.044 0.34534534534534533 0.08 0.2822822822822823
0 0.342 0.493993993993994 0.116 0.15615615615615616
0 0.273 0.4774774774774775 0.126 0.19519519519519518
0 0.169 0.49099099099099097 0.164 0.2042042042042042
0 0.095 0.4984984984984985 0.104 0.1921921921921922
0 0.868 0.3768768768768769 0.04 0.25225225225225223
0 0.659 0.45795795795795796 0.1 0.13813813813813813
0 0.358 0.3033033033033033 0.07 0.18618618618618618
0 0.231 0.3333333333333333 0.04 0.2042042042042042
0 0.267 0.32732732732732733 0.058 0.2552552552552553
0 0.316 0.33183183183183185 0.058 0.24324324324324326
0 0.715 0.35435435435435436 0.016 0.042042042042042045