0 0.5541666666666667 0.5296875 0.27708333333333335 0.3765625
0 0.7645833333333333 0.3984375 0.01875 0.0359375
0 0.7052083333333333 0.403125 0.014583333333333334 0.01875
0 0.6791666666666667 0.396875 0.014583333333333334 0.0390625
0 0.640625 0.39296875 0.0125 0.0203125
0 0.13333333333333333 0.39765625 0.014583333333333334 0.025
0 0.11770833333333333 0.39609375 0.027083333333333334 0.03125
0 0.6510416666666666 0.39609375 0.010416666666666666 0.0296875
0 0.709375 0.3890625 0.0125 0.0140625
0 0.7375 0.39765625 0.016666666666666666 0.0140625
0 0.234375 0.3921875 0.004166666666666667 0.0078125
0 0.03333333333333333 0.390625 0.00625 0.0125
0 0.05625 0.40859375 0.010416666666666666 0.0125