0 0.38046875 0.7764044943820225 0.009375 0.017977528089887642
0 0.3671875 0.7752808988764045 0.0078125 0.017977528089887642
0 0.6484375 0.750561797752809 0.0078125 0.017977528089887642
0 0.6328125 0.751685393258427 0.009375 0.02247191011235955
0 0.39453125 0.8662921348314607 0.0125 0.02696629213483146
0 0.38828125 0.8797752808988764 0.0140625 0.024719101123595506
0 0.37578125 0.7853932584269663 0.0109375 0.011235955056179775
0 0.39921875 0.6943820224719102 0.00625 0.008988764044943821
0 0.64140625 0.7471910112359551 0.00625 0.01348314606741573
0 0.3640625 0.8460674157303371 0.0109375 0.02247191011235955
0 0.4015625 0.8831460674157303 0.0078125 0.020224719101123594
0 0.3859375 0.6943820224719102 0.00625 0.011235955056179775
0 0.62421875 0.748314606741573 0.00625 0.011235955056179775