0 0.840625 0.49902534113060426 0.1453125 0.4522417153996101
0 0.69375 0.5263157894736842 0.190625 0.5126705653021443
0 0.59609375 0.6228070175438597 0.0875 0.2982456140350877
0 0.04296875 0.564327485380117 0.021875 0.14619883040935672
0 0.05546875 0.5214424951267057 0.0359375 0.10916179337231968
0 0.07265625 0.5155945419103314 0.0234375 0.08187134502923976
0 0.9359375 0.4239766081871345 0.053125 0.12085769980506822
0 0.90703125 0.42007797270955166 0.025 0.08576998050682261
0 0.3203125 0.6062378167641326 0.171875 0.4678362573099415
0 0.5328125 0.5487329434697856 0.1 0.3840155945419103
