0 0.5828125 0.8957845433255269 0.08125 0.18501170960187355
0 0.06875 0.9320843091334895 0.0375 0.1358313817330211
0 0.28359375 0.8957845433255269 0.009375 0.03981264637002342
0 0.8296875 0.9039812646370023 0.0125 0.06088992974238876
0 0.9453125 0.9016393442622951 0.0140625 0.04918032786885246
0 0.32421875 0.8981264637002342 0.0140625 0.0351288056206089
0 0.6765625 0.9063231850117096 0.0140625 0.07259953161592506
0 0.65625 0.9168618266978923 0.0140625 0.06557377049180328
0 0.7015625 0.9309133489461359 0.03125 0.13817330210772832
0 0.96328125 0.9098360655737705 0.015625 0.06088992974238876
