0 0.432 0.6471471471471472 0.196 0.5915915915915916
0 0.416 0.24624624624624625 0.078 0.37537537537537535
0 0.101 0.06906906906906907 0.1 0.13813813813813813
0 0.156 0.07057057057057058 0.116 0.12012012012012012
0 0.723 0.0960960960960961 0.094 0.1921921921921922
0 0.894 0.11261261261261261 0.08 0.1921921921921922
0 0.659 0.0915915915915916 0.092 0.18018018018018017
0 0.938 0.04504504504504504 0.024 0.08408408408408409
0 0.951 0.10510510510510511 0.098 0.2042042042042042
0 0.551 0.07057057057057058 0.078 0.14114114114114115
0 0.836 0.10960960960960961 0.09 0.2042042042042042
0 0.038 0.052552552552552555 0.076 0.10510510510510511