0 0.6296875 0.38229166666666664 0.203125 0.68125
0 0.14140625 0.17395833333333333 0.1296875 0.19166666666666668
0 0.04921875 0.16666666666666666 0.0984375 0.21041666666666667
0 0.35859375 0.16666666666666666 0.109375 0.18333333333333332
0 0.3140625 0.10729166666666666 0.0703125 0.21458333333333332
0 0.4390625 0.16875 0.0875 0.15208333333333332
0 0.79375 0.11770833333333333 0.090625 0.19583333333333333
0 0.7515625 0.14479166666666668 0.0609375 0.15625
0 0.01796875 0.08333333333333333 0.0359375 0.16666666666666666
0 0.228125 0.134375 0.10625 0.17708333333333334
0 0.2359375 0.027083333333333334 0.0421875 0.052083333333333336
0 0.2859375 0.15833333333333333 0.0359375 0.12291666666666666
0 0.3625 0.059375 0.0546875 0.11875