0 0.8125 0.5921052631578947 0.0109375 0.07894736842105263
0 0.79296875 0.5921052631578947 0.009375 0.07456140350877193
0 0.51015625 0.6447368421052632 0.021875 0.2412280701754386
0 0.74296875 0.6271929824561403 0.0140625 0.11403508771929824
0 0.78125 0.6052631578947368 0.009375 0.11403508771929824
0 0.6609375 0.6293859649122807 0.01875 0.13157894736842105
0 0.63359375 0.6557017543859649 0.0125 0.10087719298245613
0 0.77421875 0.6118421052631579 0.0171875 0.13157894736842105
0 0.7375 0.5899122807017544 0.00625 0.07894736842105263
0 0.75625 0.6052631578947368 0.0109375 0.10087719298245613
0 0.7625 0.5877192982456141 0.009375 0.07894736842105263
0 0.51953125 0.6096491228070176 0.009375 0.10526315789473684
0 0.71015625 0.6140350877192983 0.025 0.18859649122807018