0 0.50859375 0.34 0.1828125 0.5552941176470588
0 0.43046875 0.46705882352941175 0.084375 0.32
0 0.8390625 0.18705882352941178 0.0484375 0.13411764705882354
0 0.79609375 0.18823529411764706 0.0328125 0.13176470588235295
0 0.66640625 0.1635294117647059 0.01875 0.06352941176470588
0 0.73984375 0.18588235294117647 0.0234375 0.08941176470588236
0 0.76640625 0.18705882352941178 0.034375 0.1011764705882353
0 0.35546875 0.17294117647058824 0.01875 0.11764705882352941
0 0.3796875 0.17647058823529413 0.015625 0.10352941176470588
0 0.3921875 0.16117647058823528 0.025 0.11294117647058824
0 0.7 0.1635294117647059 0.0171875 0.05176470588235294
0 0.81875 0.15176470588235294 0.0125 0.04
0 0.8796875 0.14941176470588236 0.0140625 0.042352941176470586