0 0.60234375 0.6948356807511737 0.0125 0.04225352112676056
0 0.6375 0.6948356807511737 0.0125 0.046948356807511735
0 0.60859375 0.6408450704225352 0.00625 0.02112676056338028
0 0.6703125 0.6349765258215962 0.003125 0.018779342723004695
0 0.015625 0.8016431924882629 0.03125 0.13145539906103287
0 0.35703125 0.9049295774647887 0.0234375 0.1056338028169014
0 0.45234375 0.9272300469483568 0.0390625 0.11737089201877934
0 0.0010380734375 0.0022966408450704225 0.00006032656249999999 0.00010155633802816902
0 0.001339196875 0.002228725352112676 0.000060767187500000006 0.00023738732394366197
0 0.6140625 0.6924882629107981 0.0109375 0.035211267605633804
0 0.6265625 0.6901408450704225 0.0109375 0.04929577464788732
0 0.590625 0.6713615023474179 0.009375 0.03286384976525822
0 0.6421875 0.6396713615023474 0.0078125 0.023474178403755867