0 0.225 0.5092348284960422 0.01875 0.10026385224274406
0 0.278125 0.5488126649076517 0.03125 0.09498680738786279
0 0.6046875 0.6715039577836411 0.034375 0.1662269129287599
0 0.69140625 0.6873350923482849 0.0515625 0.1424802110817942
0 0.2 0.8693931398416886 0.1078125 0.2559366754617414
0 0.70859375 0.4973614775725594 0.0234375 0.07387862796833773
0 0.36484375 0.4815303430079156 0.021875 0.06596306068601583
0 0.3765625 0.895778364116095 0.1234375 0.18469656992084432
0 0.3046875 0.8944591029023746 0.090625 0.18997361477572558
0 0.0703125 0.8720316622691293 0.140625 0.23482849604221637
0 0.67578125 0.8944591029023746 0.0546875 0.21108179419525067
0 0.5046875 0.9353562005277045 0.0796875 0.12401055408970976
0 0.72265625 0.9498680738786279 0.0359375 0.08970976253298153