0 0.284375 0.5302083333333333 0.14375 0.625
0 0.6046875 0.45625 0.1421875 0.5
0 0.91328125 0.4354166666666667 0.121875 0.33958333333333335
0 0.76328125 0.334375 0.1 0.17291666666666666
0 0.02890625 0.4947916666666667 0.0578125 0.5104166666666666
0 0.9453125 0.44583333333333336 0.075 0.2916666666666667
0 0.71015625 0.20729166666666668 0.009375 0.022916666666666665
0 0.015625 0.29270833333333335 0.03125 0.08333333333333333
0 0.98359375 0.3541666666666667 0.0265625 0.11666666666666667
0 0.87890625 0.2635416666666667 0.025 0.04375
