0 0.29296875 0.325 0.0375 0.15555555555555556
0 0.10625 0.3277777777777778 0.0421875 0.24166666666666667
0 0.41640625 0.3 0.025 0.11944444444444445
0 0.46015625 0.29444444444444445 0.015625 0.10555555555555556
0 0.63046875 0.28888888888888886 0.0125 0.03611111111111111
0 0.52421875 0.2722222222222222 0.0125 0.030555555555555555
0 0.490625 0.2875 0.015625 0.06388888888888888
0 0.23828125 0.25416666666666665 0.0234375 0.05277777777777778
0 0.96015625 0.49027777777777776 0.0796875 0.36666666666666664
0 0.3359375 0.3055555555555556 0.03125 0.08611111111111111
0 0.66484375 0.44166666666666665 0.15 0.29444444444444445
0 0.58984375 0.3 0.0171875 0.06388888888888888
0 0.9 0.32916666666666666 0.0203125 0.09444444444444444