0 0.3308333333333333 0.5356234096692112 0.26166666666666666 0.9287531806615776
0 0.11666666666666667 0.49745547073791346 0.23333333333333334 0.9949109414758269
0 0.43083333333333335 0.3842239185750636 0.17 0.7684478371501272
0 0.5441666666666667 0.21119592875318066 0.085 0.3638676844783715
0 0.6225 0.2989821882951654 0.20833333333333334 0.4961832061068702
0 0.6875 0.19720101781170485 0.03833333333333333 0.09923664122137404
0 0.8358333333333333 0.3727735368956743 0.32666666666666666 0.7404580152671756
0 0.8716666666666667 0.41603053435114506 0.055 0.10178117048346055
0 0.22333333333333333 0.4173027989821883 0.08666666666666667 0.26208651399491095
0 0.8783333333333333 0.5979643765903307 0.085 0.10687022900763359
0 0.8733333333333333 0.7811704834605598 0.04666666666666667 0.09669211195928754
0 0.5341666666666667 0.32188295165394404 0.07833333333333334 0.2340966921119593