0 0.201010101010101 0.603 0.09494949494949495 0.098
0 0.706060606060606 0.496 0.10505050505050505 0.164
0 0.14444444444444443 0.578 0.04040404040404041 0.032
0 0.8616161616161616 0.637 0.01818181818181818 0.028
0 0.5818181818181818 0.645 0.03636363636363636 0.08
0 0.4797979797979798 0.628 0.04040404040404041 0.068
0 0.3191919191919192 0.597 0.044444444444444446 0.042
0 0.6848484848484848 0.755 0.03636363636363636 0.094
0 0.4444444444444444 0.588 0.03232323232323232 0.06
0 0.20707070707070707 0.587 0.03434343434343434 0.05
0 0.8444444444444444 0.633 0.012121212121212121 0.018