0 0.6453125 0.7208333333333333 0.0765625 0.33125
0 0.79375 0.7395833333333334 0.059375 0.35625
0 0.340625 0.6583333333333333 0.05 0.20208333333333334
0 0.35625 0.63125 0.028125 0.18333333333333332
0 0.56875 0.6572916666666667 0.034375 0.1625
0 0.74453125 0.7083333333333334 0.0765625 0.32708333333333334
0 0.44765625 0.609375 0.0296875 0.08125
0 0.9078125 0.6104166666666667 0.0296875 0.09583333333333334
0 0.5078125 0.6760416666666667 0.0640625 0.10625
0 0.43515625 0.6458333333333334 0.0328125 0.06875
0 0.146875 0.6927083333333334 0.0578125 0.15833333333333333
0 0.834375 0.7010416666666667 0.046875 0.23125
0 0.69453125 0.6791666666666667 0.0375 0.21041666666666667
