0 0.596 0.35585585585585583 0.074 0.15315315315315314
0 0.295 0.43993993993993996 0.156 0.4594594594594595
0 0.758 0.4444444444444444 0.114 0.27627627627627627
0 0.405 0.35585585585585583 0.052 0.15615615615615616
0 0.949 0.43093093093093093 0.088 0.2072072072072072
0 0.069 0.2897897897897898 0.134 0.2072072072072072
0 0.424 0.2972972972972973 0.024 0.08408408408408409
0 0.456 0.4369369369369369 0.05 0.14414414414414414
0 0.717 0.36186186186186187 0.026 0.06606606606606606
0 0.683 0.36186186186186187 0.036 0.06606606606606606
0 0.189 0.3303303303303303 0.038 0.08708708708708708
0 0.131 0.3033033033033033 0.026 0.08108108108108109
0 0.978 0.37987987987987987 0.024 0.04804804804804805