0 0.50234375 0.5878220140515222 0.225 0.48009367681498827
0 0.1984375 0.6861826697892272 0.2265625 0.3325526932084309
0 0.02578125 0.639344262295082 0.0515625 0.40046838407494145
0 0.07578125 0.2681498829039813 0.046875 0.08899297423887588
0 0.0765625 0.34660421545667447 0.053125 0.08899297423887588
0 0.2046875 0.33840749414519905 0.05 0.08196721311475409
0 0.25703125 0.3430913348946136 0.0453125 0.06791569086651054
0 0.30234375 0.33489461358313816 0.0625 0.08196721311475409
0 0.16875 0.2810304449648712 0.040625 0.07494145199063232
0 0.58828125 0.5796252927400468 0.065625 0.11241217798594848
0 0.646875 0.5807962529274004 0.0640625 0.11241217798594848
0 0.76875 0.5749414519906323 0.05625 0.11475409836065574
0 0.671875 0.33021077283372363 0.0796875 0.07259953161592506