0 0.41796875 0.528125 0.075 0.3145833333333333
0 0.7671875 0.5677083333333334 0.0578125 0.24791666666666667
0 0.67421875 0.475 0.0546875 0.18333333333333332
0 0.40078125 0.4041666666666667 0.0484375 0.04375
0 0.525 0.46458333333333335 0.05 0.20833333333333334
0 0.4875 0.6010416666666667 0.0828125 0.15208333333333332
0 0.2953125 0.534375 0.0796875 0.3020833333333333
0 0.57890625 0.5833333333333334 0.1 0.19791666666666666
0 0.153125 0.409375 0.0609375 0.1125
0 0.27890625 0.3885416666666667 0.05625 0.125
0 0.66328125 0.325 0.0140625 0.029166666666666667
0 0.86640625 0.396875 0.0234375 0.03333333333333333
0 0.5765625 0.6375 0.1578125 0.0875