0 0.58125 0.43427230046948356 0.0609375 0.37089201877934275
0 0.48828125 0.36384976525821594 0.0765625 0.2981220657276995
0 0.4 0.3755868544600939 0.0609375 0.2934272300469484
0 0.31640625 0.3732394366197183 0.040625 0.284037558685446
0 0.2765625 0.43896713615023475 0.0875 0.17136150234741784
0 0.9671875 0.29460093896713613 0.021875 0.07276995305164319
0 0.54765625 0.3955399061032864 0.0515625 0.30985915492957744
0 0.221875 0.4636150234741784 0.1484375 0.29107981220657275
0 0.3421875 0.4154929577464789 0.0515625 0.2652582159624413
0 0.96171875 0.2805164319248826 0.015625 0.051643192488262914
