0 0.66875 0.5671206225680934 0.46875 0.8657587548638133
0 0.38828125 0.5758754863813229 0.1078125 0.39105058365758755
0 0.22265625 0.3784046692607004 0.0625 0.14591439688715954
0 0.08046875 0.35797665369649806 0.0609375 0.09922178988326848
0 0.0828125 0.3093385214007782 0.071875 0.09727626459143969
0 0.2234375 0.29571984435797666 0.084375 0.1517509727626459
0 0.26484375 0.24124513618677043 0.0703125 0.10700389105058365
0 0.17734375 0.5622568093385214 0.128125 0.3832684824902724
0 0.05 0.556420233463035 0.0984375 0.39299610894941633
0 0.93359375 0.2694552529182879 0.071875 0.10116731517509728
0 0.271875 0.4455252918287938 0.0875 0.21206225680933852
0 0.11796875 0.5165369649805448 0.053125 0.07003891050583658
0 0.14609375 0.3939688715953307 0.0640625 0.122568093385214
