0 0.45546875 0.6309255079006773 0.2859375 0.7246049661399548
0 0.30859375 0.6151241534988713 0.1484375 0.7494356659142212
0 0.10390625 0.5959367945823928 0.2078125 0.8081264108352144
0 0.73359375 0.6523702031602708 0.184375 0.6930022573363431
0 0.84375 0.5699774266365688 0.25625 0.837471783295711
0 0.35703125 0.29683972911963885 0.0515625 0.15349887133182843
0 0.5640625 0.4909706546275395 0.14375 0.6162528216704289
0 0.48125 0.2528216704288939 0.0984375 0.24379232505643342
0 0.64765625 0.435665914221219 0.0921875 0.6027088036117382
0 0.3625 0.21670428893905191 0.0671875 0.13769751693002258
0 0.246875 0.35327313769751695 0.0796875 0.3927765237020316
0 0.16171875 0.3194130925507901 0.0578125 0.29345372460496616
0 0.14140625 0.2686230248306998 0.0390625 0.21670428893905191
