0 0.86015625 0.5885416666666666 0.015625 0.08541666666666667
0 0.7546875 0.5760416666666667 0.0125 0.06875
0 0.728125 0.5729166666666666 0.01875 0.0875
0 0.71875 0.5770833333333333 0.0125 0.07708333333333334
0 0.846875 0.6041666666666666 0.021875 0.05
0 0.83828125 0.5864583333333333 0.0125 0.07708333333333334
0 0.74296875 0.5729166666666666 0.015625 0.07083333333333333
0 0.61484375 0.553125 0.015625 0.0375
0 0.86171875 0.5947916666666667 0.0171875 0.06875
0 0.6984375 0.578125 0.01875 0.07916666666666666
0 0.69921875 0.56875 0.025 0.06666666666666667
0 0.71328125 0.578125 0.0140625 0.075