0 0.5597189695550351 0.60546875 0.18501170960187355 0.165625
0 0.4519906323185012 0.4890625 0.0234192037470726 0.021875
0 0.20843091334894615 0.5140625 0.02576112412177986 0.021875
0 0.16276346604215455 0.59609375 0.0468384074941452 0.0484375
0 0.22365339578454332 0.55859375 0.06088992974238876 0.0625
0 0.3629976580796253 0.62421875 0.02107728337236534 0.0109375
0 0.49765807962529274 0.45859375 0.0351288056206089 0.0265625
0 0.16510538641686182 0.73125 0.07259953161592506 0.04375
0 0.2529274004683841 0.5015625 0.02107728337236534 0.025
0 0.1288056206088993 0.5984375 0.04449648711943794 0.04375
0 0.04918032786885246 0.47734375 0.02107728337236534 0.021875
0 0.9461358313817331 0.61484375 0.03981264637002342 0.03125
0 0.8583138173302107 0.6578125 0.02107728337236534 0.01875