0 0.3265625 0.6739583333333333 0.1375 0.27708333333333335
0 0.50859375 0.5875 0.1859375 0.46875
0 0.40078125 0.28020833333333334 0.053125 0.09166666666666666
0 0.72109375 0.25833333333333336 0.0859375 0.125
0 0.98671875 0.3927083333333333 0.0234375 0.04375
0 0.875 0.3927083333333333 0.0609375 0.11041666666666666
0 0.86484375 0.20416666666666666 0.0875 0.13958333333333334
0 0.20859375 0.071875 0.05625 0.075
0 0.84375 0.43125 0.0609375 0.09791666666666667
0 0.37109375 0.5447916666666667 0.0875 0.33125
0 0.77734375 0.421875 0.0875 0.11875
0 0.1421875 0.42916666666666664 0.0796875 0.1125