0 0.7046875 0.6939953810623557 0.11875 0.3279445727482679
0 0.915625 0.5715935334872979 0.0390625 0.07159353348729793
0 0.609375 0.5958429561200924 0.05 0.13625866050808313
0 0.80078125 0.5715935334872979 0.0265625 0.057736720554272515
0 0.5859375 0.546189376443418 0.0203125 0.050808314087759814
0 0.3640625 0.5750577367205543 0.03125 0.08775981524249422
0 0.4734375 0.6096997690531177 0.0671875 0.16166281755196305
0 0.8875 0.5739030023094688 0.03125 0.06928406466512702
0 0.3359375 0.558891454965358 0.0171875 0.057736720554272515
0 0.2984375 0.5508083140877598 0.015625 0.04387990762124711
0 0.153125 0.5681293302540416 0.015625 0.08314087759815242
0 0.75 0.5704387990762124 0.021875 0.08545034642032333
0 0.35859375 0.5704387990762124 0.028125 0.09468822170900693
