0 0.45546875 0.4918032786885246 0.803125 0.9836065573770492
0 0.18203125 0.9074941451990632 0.0375 0.14754098360655737
0 0.959375 0.8911007025761124 0.040625 0.17330210772833723
0 0.125 0.9028103044496487 0.0359375 0.14754098360655737
0 0.1125 0.9063231850117096 0.0171875 0.1358313817330211
0 0.0796875 0.9004683840749415 0.0265625 0.15690866510538642
0 0.92265625 0.9355971896955504 0.0375 0.09133489461358314
0 0.92421875 0.8723653395784543 0.034375 0.09133489461358314
0 0.9859375 0.9344262295081968 0.028125 0.0936768149882904
0 0.89765625 0.8665105386416861 0.0234375 0.09836065573770492
0 0.58515625 0.9063231850117096 0.0421875 0.09601873536299765
0 0.30703125 0.9344262295081968 0.0203125 0.08430913348946135
0 0.62265625 0.8653395784543325 0.0578125 0.07962529274004684