0 0.559375 0.9458823529411765 0.0140625 0.04470588235294118
0 0.54609375 0.9388235294117647 0.0171875 0.05176470588235294
0 0.58125 0.9305882352941176 0.0109375 0.02823529411764706
0 0.57578125 0.9223529411764706 0.00625 0.02823529411764706
0 0.56875 0.9223529411764706 0.0109375 0.04
0 0.55078125 0.9094117647058824 0.009375 0.023529411764705882
0 0.5328125 0.9294117647058824 0.0109375 0.04470588235294118
0 0.52578125 0.9882352941176471 0.0140625 0.023529411764705882
0 0.54140625 0.9070588235294118 0.0046875 0.021176470588235293
0 0.51171875 0.9894117647058823 0.0140625 0.021176470588235293
0 0.575 0.9941176470588236 0.00625 0.011764705882352941
0 0.51015625 0.928235294117647 0.0171875 0.058823529411764705
0 0.5625 0.9811764705882353 0.0140625 0.03764705882352941
