0 0.11875 0.5585480093676815 0.0296875 0.07962529274004684
0 0.3421875 0.6159250585480094 0.0265625 0.07728337236533958
0 0.903125 0.689695550351288 0.021875 0.04215456674473068
0 0.0859375 0.5339578454332553 0.0375 0.17330210772833723
0 0.0453125 0.5199063231850117 0.040625 0.16393442622950818
0 0.57578125 0.6276346604215457 0.028125 0.08196721311475409
0 0.45703125 0.46604215456674475 0.15625 0.3372365339578454
0 0.2046875 0.5562060889929742 0.0328125 0.16159250585480095
0 0.7125 0.6416861826697893 0.0390625 0.07494145199063232
0 0.92734375 0.7002341920374707 0.01875 0.01873536299765808
0 0.18203125 0.5491803278688525 0.046875 0.16159250585480095
0 0.62734375 0.6358313817330211 0.0328125 0.12646370023419204
0 0.7734375 0.6557377049180327 0.0375 0.1592505854800937
