0 0.4921875 0.5770833333333333 0.340625 0.8458333333333333
0 0.93828125 0.365625 0.0171875 0.035416666666666666
0 0.90078125 0.37083333333333335 0.0140625 0.03333333333333333
0 0.26171875 0.38333333333333336 0.0125 0.03958333333333333
0 0.23828125 0.38333333333333336 0.009375 0.03958333333333333
0 0.17578125 0.384375 0.0078125 0.029166666666666667
0 0.8125 0.3875 0.015625 0.020833333333333332
0 0.86640625 0.36666666666666664 0.0140625 0.0375
0 0.9125 0.3645833333333333 0.015625 0.03333333333333333
0 0.06640625 0.3770833333333333 0.0125 0.0375
0 0.04140625 0.378125 0.009375 0.03958333333333333
0 0.6 0.38958333333333334 0.009375 0.03958333333333333