0 0.9041666666666667 0.24296875 0.04583333333333333 0.1015625
0 0.8479166666666667 0.2453125 0.03125 0.0953125
0 0.6125 0.17109375 0.020833333333333332 0.0484375
0 0.7989583333333333 0.04609375 0.014583333333333334 0.021875
0 0.7739583333333333 0.03828125 0.0125 0.0203125
0 0.246875 0.18984375 0.0375 0.021875
0 0.628125 0.171875 0.014583333333333334 0.04375
0 0.09791666666666667 0.17421875 0.020833333333333332 0.0203125
0 0.019791666666666666 0.18359375 0.03958333333333333 0.0375
0 0.278125 0.18671875 0.027083333333333334 0.0265625
0 0.7916666666666666 0.06328125 0.0125 0.015625
0 0.8041666666666667 0.03984375 0.010416666666666666 0.0171875