0 0.524 0.6111111111111112 0.176 0.5315315315315315
0 0.623 0.6186186186186187 0.232 0.5375375375375375
0 0.878 0.6426426426426426 0.18 0.5825825825825826
0 0.226 0.7687687687687688 0.07 0.1111111111111111
0 0.14 0.6516516516516516 0.068 0.2012012012012012
0 0.287 0.6231231231231231 0.162 0.5795795795795796
0 0.128 0.7597597597597597 0.07 0.12312312312312312
0 0.172 0.7657657657657657 0.044 0.1111111111111111
0 0.937 0.7087087087087087 0.028 0.2132132132132132
0 0.031 0.6891891891891891 0.058 0.26126126126126126
0 0.01 0.6891891891891891 0.02 0.24924924924924924
0 0.07 0.7012012012012012 0.042 0.23723723723723725