0 0.42890625 0.5385416666666667 0.0671875 0.15625
0 0.54453125 0.5364583333333334 0.09375 0.15833333333333333
0 0.58359375 0.5010416666666667 0.0375 0.07291666666666667
0 0.66640625 0.5104166666666666 0.053125 0.07291666666666667
0 0.2328125 0.7333333333333333 0.409375 0.4354166666666667
0 0.8390625 0.5416666666666666 0.278125 0.6395833333333333
0 0.49921875 0.4979166666666667 0.0265625 0.052083333333333336
0 0.515625 0.5041666666666667 0.0375 0.06666666666666667
0 0.47734375 0.5229166666666667 0.065625 0.11666666666666667
0 0.74375 0.49270833333333336 0.0953125 0.26666666666666666
