0 0.661 0.5075301204819277 0.21 0.3493975903614458
0 0.416 0.6430722891566265 0.222 0.4578313253012048
0 0.308 0.6807228915662651 0.118 0.3704819277108434
0 0.207 0.6746987951807228 0.104 0.37650602409638556
0 0.878 0.7379518072289156 0.11 0.4608433734939759
0 0.502 0.38403614457831325 0.044 0.09337349397590361
0 0.11 0.7590361445783133 0.124 0.4066265060240964
0 0.562 0.4954819277108434 0.046 0.20481927710843373
0 0.552 0.4457831325301205 0.04 0.11746987951807229
0 0.097 0.5753012048192772 0.06 0.12349397590361445
0 0.055 0.6897590361445783 0.068 0.2289156626506024
0 0.946 0.3885542168674699 0.046 0.06325301204819277
0 0.986 0.3539156626506024 0.028 0.08132530120481928
