0 0.83671875 0.6111111111111112 0.13125 0.39166666666666666
0 0.0421875 0.6458333333333334 0.0828125 0.5277777777777778
0 0.94609375 0.4597222222222222 0.05625 0.14166666666666666
0 0.54296875 0.4486111111111111 0.025 0.058333333333333334
0 0.46328125 0.46805555555555556 0.04375 0.08888888888888889
0 0.31015625 0.5277777777777778 0.0421875 0.06111111111111111
0 0.67890625 0.3680555555555556 0.0203125 0.03333333333333333
0 0.00149795 0.001384913888888889 0.0001291015625 0.0006804777777777778
0 0.61171875 0.37916666666666665 0.025 0.06388888888888888
0 0.14921875 0.6583333333333333 0.1921875 0.6527777777777778
0 0.0171875 0.3958333333333333 0.034375 0.05277777777777778
0 0.96640625 0.44305555555555554 0.04375 0.1638888888888889
0 0.86953125 0.46111111111111114 0.06875 0.16944444444444445
