0 0.6615925058548009 0.44140625 0.0702576112412178 0.046875
0 0.5035128805620609 0.57109375 0.2505854800936768 0.3296875
0 0.12177985948477751 0.55 0.0702576112412178 0.05625
0 0.24941451990632318 0.5890625 0.08665105386416862 0.0453125
0 0.08548009367681499 0.53359375 0.03747072599531616 0.0484375
0 0.9695550351288056 0.55 0.0585480093676815 0.0375
0 0.03981264637002342 0.5515625 0.03981264637002342 0.05
0 0.0234192037470726 0.5328125 0.0468384074941452 0.05
0 0.5878220140515222 0.44140625 0.0702576112412178 0.053125
0 0.7704918032786885 0.54453125 0.12177985948477751 0.053125
0 0.9812646370023419 0.3046875 0.03747072599531616 0.0625
0 0.7857142857142857 0.55234375 0.07962529274004684 0.0390625
0 0.6545667447306791 0.54375 0.09601873536299765 0.059375