0 0.5614583333333333 0.4390625 0.04791666666666667 0.0921875
0 0.5260416666666666 0.434375 0.035416666666666666 0.0546875
0 0.45729166666666665 0.434375 0.03333333333333333 0.059375
0 0.3229166666666667 0.434375 0.022916666666666665 0.0515625
0 0.35 0.42890625 0.0125 0.021875
0 0.371875 0.4328125 0.01875 0.0375
0 0.75 0.43125 0.09166666666666666 0.1375
0 0.41458333333333336 0.43125 0.01875 0.0421875
0 0.2791666666666667 0.43046875 0.010416666666666666 0.01875
0 0.34270833333333334 0.74375 0.25416666666666665 0.5109375
