0 0.4543524416135881 0.65234375 0.24203821656050956 0.3890625
0 0.0870488322717622 0.4703125 0.16772823779193205 0.1984375
0 0.00023987898089171975 0.0011202031249999999 0.0004797579617834395 0.0008845953125
0 0.0010973184713375795 0.000870984375 0.0020516496815286625 0.0013443109375
0 0.22717622080679406 0.45546875 0.18259023354564755 0.28125
0 0.5180467091295117 0.55546875 0.3842887473460722 0.1875
0 0.3471337579617834 0.5421875 0.24628450106157113 0.4
0 0.5031847133757962 0.4421875 0.17197452229299362 0.20625
0 0.5456475583864119 0.3640625 0.03821656050955414 0.0453125
0 0.2908704883227176 0.3515625 0.027600849256900213 0.03125
0 0.13481953290870488 0.4140625 0.010615711252653927 0.01875
