0 0.4390625 0.5 0.234375 0.5386416861826698
0 0.40546875 0.29508196721311475 0.0421875 0.1756440281030445
0 0.50078125 0.2997658079625293 0.0375 0.11007025761124122
0 0.54609375 0.31733021077283374 0.0484375 0.16159250585480095
0 0.159375 0.297423887587822 0.025 0.05620608899297424
0 0.11640625 0.2611241217798595 0.0296875 0.09133489461358314
0 0.95703125 0.33021077283372363 0.0296875 0.15456674473067916
0 0.07578125 0.3114754098360656 0.0421875 0.09133489461358314
0 0.4546875 0.3079625292740047 0.04375 0.13348946135831383
0 0.13515625 0.2529274004683841 0.021875 0.09601873536299765
0 0.1390625 0.3114754098360656 0.053125 0.09133489461358314
0 0.2078125 0.3149882903981265 0.0421875 0.07962529274004684
0 0.06484375 0.24355971896955503 0.0171875 0.08430913348946135
