0 0.5828125 0.5899532710280374 0.2515625 0.6261682242990654
0 0.7828125 0.6144859813084113 0.1546875 0.6682242990654206
0 0.9046875 0.6764018691588785 0.1484375 0.647196261682243
0 0.6828125 0.6448598130841121 0.1 0.2383177570093458
0 0.203125 0.5607476635514018 0.1125 0.6962616822429907
0 0.0296875 0.49649532710280375 0.0578125 0.2967289719626168
0 0.503125 0.6717289719626168 0.0921875 0.1542056074766355
0 0.32421875 0.4264018691588785 0.0234375 0.035046728971962614
0 0.1171875 0.5841121495327103 0.09375 0.3878504672897196
0 0.2875 0.433411214953271 0.021875 0.037383177570093455
