0 0.48515625 0.6273364485981309 0.2984375 0.7102803738317757
0 0.7765625 0.4824766355140187 0.0390625 0.22897196261682243
0 0.0359375 0.4719626168224299 0.0609375 0.205607476635514
0 0.0875 0.3060747663551402 0.034375 0.0514018691588785
0 0.2609375 0.3177570093457944 0.0375 0.10747663551401869
0 0.43359375 0.25 0.0359375 0.07476635514018691
0 0.39375 0.4976635514018692 0.0390625 0.05841121495327103
0 0.62265625 0.20210280373831777 0.025 0.0514018691588785
0 0.41875 0.3002336448598131 0.0296875 0.0514018691588785
0 0.56171875 0.19976635514018692 0.0390625 0.07009345794392523
0 0.18203125 0.2757009345794392 0.0328125 0.08411214953271028
0 0.69921875 0.2102803738317757 0.0375 0.05841121495327103
0 0.65546875 0.1261682242990654 0.034375 0.056074766355140186
