0 0.4078125 0.9029850746268657 0.0765625 0.12935323383084577
0 0.27109375 0.7587064676616916 0.0640625 0.208955223880597
0 0.08359375 0.7151741293532339 0.0546875 0.14427860696517414
0 0.23828125 0.6355721393034826 0.028125 0.16666666666666666
0 0.6921875 0.7798507462686567 0.0328125 0.04477611940298507
0 0.78359375 0.6492537313432836 0.0359375 0.13681592039800994
0 0.72109375 0.6343283582089553 0.034375 0.15422885572139303
0 0.6640625 0.6442786069651741 0.03125 0.11194029850746269
0 0.73828125 0.7711442786069652 0.0234375 0.06218905472636816
0 0.25625 0.6343283582089553 0.0328125 0.18159203980099503
0 0.36875 0.7437810945273632 0.025 0.04477611940298507
0 0.7546875 0.7985074626865671 0.03125 0.04975124378109453
0 0.9171875 0.6430348258706468 0.0375 0.12686567164179105
