0 0.140625 0.5940803382663847 0.265625 0.7124735729386892
0 0.35078125 0.5348837209302325 0.1953125 0.6342494714587738
0 0.41171875 0.5856236786469344 0.134375 0.5243128964059197
0 0.571875 0.49471458773784355 0.075 0.3763213530655391
0 0.51484375 0.2135306553911205 0.109375 0.226215644820296
0 0.83359375 0.540169133192389 0.1125 0.4334038054968288
0 0.60625 0.226215644820296 0.0859375 0.21775898520084566
0 0.7390625 0.3890063424947146 0.1015625 0.24947145877378435
0 0.6546875 0.5782241014799154 0.125 0.5158562367864693
0 0.9375 0.540169133192389 0.1171875 0.45454545454545453
0 0.7515625 0.5993657505285412 0.1578125 0.5179704016913319
