0 0.959375 0.8270833333333333 0.034375 0.13541666666666666
0 0.76484375 0.8104166666666667 0.028125 0.09583333333333334
0 0.78203125 0.7708333333333334 0.0171875 0.041666666666666664
0 0.72265625 0.7895833333333333 0.025 0.07916666666666666
0 0.73515625 0.78125 0.0125 0.05416666666666667
0 0.6921875 0.796875 0.0296875 0.07708333333333334
0 0.71171875 0.7916666666666666 0.015625 0.07708333333333334
0 0.75078125 0.79375 0.0171875 0.09166666666666666
0 0.67265625 0.8010416666666667 0.0171875 0.07916666666666666
0 0.1890625 0.75 0.009375 0.014583333333333334
0 0.7984375 0.809375 0.015625 0.09375
0 0.87265625 0.8145833333333333 0.1359375 0.17083333333333334
0 0.98046875 0.8270833333333333 0.025 0.1125
