0 0.2359375 0.7535046728971962 0.0625 0.28738317757009346
0 0.82421875 0.705607476635514 0.046875 0.1939252336448598
0 0.0015292609375 0.0016651565420560746 0.0000664796875 0.0005722126168224299
0 0.78828125 0.7102803738317757 0.0484375 0.24299065420560748
0 0.74375 0.6577102803738317 0.0171875 0.0514018691588785
0 0.69609375 0.655373831775701 0.021875 0.053738317757009345
0 0.0203125 0.7745327102803738 0.040625 0.3341121495327103
0 0.7328125 0.6717289719626168 0.0203125 0.04672897196261682
0 0.68984375 0.705607476635514 0.034375 0.05841121495327103
0 0.471875 0.6343457943925234 0.0390625 0.06775700934579439
0 0.29296875 0.7044392523364486 0.046875 0.16121495327102803
0 0.153125 0.6927570093457944 0.028125 0.11682242990654206