0 0.40234375 0.6779859484777517 0.2109375 0.6182669789227166
0 0.58671875 0.47540983606557374 0.028125 0.13348946135831383
0 0.5046875 0.47892271662763464 0.028125 0.12646370023419204
0 0.46484375 0.47892271662763464 0.0296875 0.12177985948477751
0 0.30234375 0.48360655737704916 0.028125 0.117096018735363
0 0.25234375 0.5011709601873536 0.0234375 0.14285714285714285
0 0.271875 0.48009367681498827 0.0203125 0.11241217798594848
0 0.54375 0.47892271662763464 0.028125 0.1288056206088993
0 0.6234375 0.47540983606557374 0.0296875 0.1358313817330211
0 0.4296875 0.477751756440281 0.0265625 0.11943793911007025
0 0.31640625 0.4449648711943794 0.0171875 0.07494145199063232
0 0.27734375 0.4426229508196721 0.015625 0.07494145199063232
0 0.57578125 0.4765807962529274 0.01875 0.1288056206088993
