0 0.12578125 0.7427083333333333 0.01875 0.10625
0 0.1140625 0.7083333333333334 0.00625 0.025
0 0.51640625 0.740625 0.01875 0.05416666666666667
0 0.59609375 0.7385416666666667 0.015625 0.05
0 0.540625 0.7364583333333333 0.0140625 0.04583333333333333
0 0.55390625 0.721875 0.0046875 0.016666666666666666
0 0.2125 0.7447916666666666 0.040625 0.10208333333333333
0 0.578125 0.7260416666666667 0.00625 0.022916666666666665
0 0.65 0.7302083333333333 0.009375 0.016666666666666666
0 0.44765625 0.7197916666666667 0.003125 0.014583333333333334
0 0.40546875 0.7177083333333333 0.003125 0.010416666666666666
0 0.60546875 0.7270833333333333 0.009375 0.020833333333333332
0 0.34609375 0.715625 0.00625 0.0125
