0 0.38125 0.5033259423503326 0.134375 0.3082039911308204
0 0.0984375 0.4977827050997783 0.1265625 0.6962305986696231
0 0.18046875 0.417960088691796 0.084375 0.4811529933481153
0 0.465625 0.30598669623059865 0.1375 0.30155210643015523
0 0.8953125 0.2771618625277162 0.1203125 0.3370288248337029
0 0.5703125 0.3026607538802661 0.1234375 0.2838137472283814
0 0.6890625 0.31263858093126384 0.1171875 0.2793791574279379
0 0.2546875 0.31596452328159647 0.128125 0.2771618625277162
0 0.91171875 0.4955654101995565 0.0921875 0.4057649667405765
0 0.48828125 0.5011086474501109 0.115625 0.31042128603104213
0 0.359375 0.7317073170731707 0.2171875 0.4124168514412417
0 0.36796875 0.3093126385809313 0.109375 0.29711751662971175
0 0.78515625 0.29046563192904656 0.115625 0.2771618625277162