0 0.88 0.71 0.135 0.5266666666666666
0 0.61375 0.575 0.0325 0.12
0 0.07375 0.655 0.1475 0.5733333333333334
0 0.35125 0.5983333333333334 0.0475 0.2833333333333333
0 0.65125 0.5683333333333334 0.04 0.13666666666666666
0 0.73875 0.5616666666666666 0.0225 0.10333333333333333
0 0.7625 0.5433333333333333 0.025 0.07333333333333333
0 0.46125 0.5683333333333334 0.0325 0.14333333333333334
0 0.59625 0.5266666666666666 0.0225 0.06666666666666667
0 0.6925 0.5766666666666667 0.0425 0.12666666666666668
0 0.52625 0.6116666666666667 0.0825 0.27
0 0.79625 0.53 0.04 0.08
0 0.72 0.555 0.0225 0.12666666666666668