0 0.584375 0.5135416666666667 0.04375 0.11041666666666666
0 0.49765625 0.528125 0.025 0.09583333333333334
0 0.1984375 0.5354166666666667 0.0203125 0.08958333333333333
0 0.4546875 0.6395833333333333 0.0765625 0.20416666666666666
0 0.94453125 0.4875 0.028125 0.06875
0 0.0234375 0.5208333333333334 0.040625 0.10416666666666667
0 0.7078125 0.5260416666666666 0.0171875 0.06041666666666667
0 0.37109375 0.49270833333333336 0.0171875 0.06875
0 0.38125 0.5260416666666666 0.0203125 0.05625
0 0.9609375 0.496875 0.01875 0.0375
0 0.840625 0.6739583333333333 0.0625 0.24583333333333332
0 0.26328125 0.9458333333333333 0.1984375 0.10833333333333334
0 0.06953125 0.5072916666666667 0.0125 0.0375