0 0.45546875 0.625 0.3015625 0.5875
0 0.6484375 0.7041666666666667 0.16875 0.3770833333333333
0 0.91875 0.6916666666666667 0.1625 0.44583333333333336
0 0.26171875 0.2677083333333333 0.2625 0.5208333333333334
0 0.721875 0.17395833333333333 0.0859375 0.07708333333333334
0 0.53984375 0.09166666666666666 0.15625 0.10208333333333333
0 0.6765625 0.11666666666666667 0.09375 0.15416666666666667
0 0.0453125 0.065625 0.090625 0.13125
0 0.94140625 0.19375 0.0796875 0.08333333333333333
0 0.41171875 0.046875 0.1296875 0.08958333333333333
0 0.83671875 0.18229166666666666 0.0734375 0.07291666666666667