0 0.423 0.8066666666666666 0.074 0.288
0 0.207 0.7906666666666666 0.046 0.21333333333333335
0 0.148 0.784 0.062 0.24266666666666667
0 0.088 0.7746666666666666 0.048 0.21066666666666667
0 0.501 0.8026666666666666 0.066 0.18933333333333333
0 0.393 0.7293333333333333 0.038 0.12266666666666666
0 0.629 0.7346666666666667 0.028 0.10666666666666667
0 0.121 0.6786666666666666 0.012 0.037333333333333336
0 0.326 0.772 0.046 0.18933333333333333
0 0.733 0.7333333333333333 0.024 0.10933333333333334
0 0.713 0.7173333333333334 0.028 0.08
0 0.796 0.716 0.056 0.09333333333333334
0 0.868 0.752 0.036 0.13066666666666665
