0 0.0296875 0.7708333333333334 0.059375 0.4583333333333333
0 0.97734375 0.6416666666666667 0.0453125 0.225
0 0.96484375 0.5635416666666667 0.0375 0.10833333333333334
0 0.9203125 0.596875 0.0375 0.18541666666666667
0 0.8265625 0.5541666666666667 0.0359375 0.10833333333333334
0 0.85859375 0.540625 0.0375 0.07291666666666667
0 0.9609375 0.5395833333333333 0.021875 0.06666666666666667
0 0.290625 0.5052083333333334 0.0328125 0.03958333333333333
0 0.175 0.5375 0.0203125 0.058333333333333334
0 0.52890625 0.525 0.0171875 0.04375
