0 0.95625 0.5515222482435597 0.0875 0.34192037470725994
0 0.89453125 0.734192037470726 0.134375 0.32786885245901637
0 0.86796875 0.5257611241217799 0.09375 0.29508196721311475
0 0.69375 0.5737704918032787 0.340625 0.7213114754098361
0 0.5265625 0.6733021077283372 0.15625 0.26697892271662765
0 0.321875 0.7002341920374707 0.2578125 0.4426229508196721
0 0.11953125 0.6838407494145199 0.2296875 0.477751756440281
0 0.46875 0.5152224824355972 0.0765625 0.20608899297423888
0 0.95703125 0.7084309133489461 0.0859375 0.35362997658079626
0 0.93515625 0.4672131147540984 0.0453125 0.10070257611241218
0 0.7828125 0.724824355971897 0.11875 0.32786885245901637
0 0.0296875 0.5199063231850117 0.059375 0.28805620608899296
0 0.6125 0.5070257611241218 0.0671875 0.34660421545667447