0 0.5609375 0.5667447306791569 0.021875 0.06791569086651054
0 0.88125 0.4929742388758782 0.015625 0.0468384074941452
0 0.94140625 0.6311475409836066 0.0265625 0.053864168618266976
0 0.59375 0.9192037470725996 0.11875 0.16159250585480095
0 0.4078125 0.5 0.0125 0.0468384074941452
0 0.3 0.5304449648711944 0.0171875 0.0585480093676815
0 0.12421875 0.6557377049180327 0.034375 0.08899297423887588
0 0.5265625 0.5081967213114754 0.0125 0.05152224824355972
0 0.85390625 0.9098360655737705 0.0953125 0.1756440281030445
0 0.67421875 0.8793911007025761 0.0921875 0.24121779859484777
0 0.93046875 0.667447306791569 0.034375 0.07494145199063232
0 0.74921875 0.8793911007025761 0.1234375 0.2154566744730679
0 0.9640625 0.8665105386416861 0.071875 0.2646370023419204