0 0.22421875 0.675 0.0609375 0.24583333333333332
0 0.30703125 0.6739583333333333 0.0734375 0.14375
0 0.38203125 0.7708333333333334 0.0578125 0.10208333333333333
0 0.090625 0.7677083333333333 0.0453125 0.10416666666666667
0 0.084375 0.7385416666666667 0.046875 0.1375
0 0.1390625 0.771875 0.0625 0.11666666666666667
0 0.95 0.6572916666666667 0.0453125 0.06458333333333334
0 0.34140625 0.7875 0.125 0.10416666666666667
0 0.24609375 0.7885416666666667 0.0796875 0.12708333333333333
0 0.2890625 0.6458333333333334 0.0546875 0.11041666666666666
