0 0.5421875 0.4597902097902098 0.0328125 0.08391608391608392
0 0.028125 0.40559440559440557 0.0546875 0.15034965034965034
0 0.76640625 0.3758741258741259 0.0296875 0.045454545454545456
0 0.70234375 0.3741258741258741 0.01875 0.045454545454545456
0 0.665625 0.3618881118881119 0.009375 0.03496503496503497
0 0.43515625 0.3811188811188811 0.015625 0.03146853146853147
0 0.2859375 0.3968531468531469 0.0203125 0.08041958041958042
0 0.83984375 0.3548951048951049 0.015625 0.03496503496503497
0 0.7859375 0.3723776223776224 0.025 0.055944055944055944
0 0.38125 0.38461538461538464 0.0078125 0.03496503496503497
0 0.821875 0.3706293706293706 0.0140625 0.03496503496503497