0 0.41 0.6074626865671642 0.1 0.6029850746268657
0 0.599 0.5567164179104478 0.172 0.4835820895522388
0 0.74 0.3373134328358209 0.06 0.14925373134328357
0 0.78 0.2701492537313433 0.042 0.07761194029850746
0 0.853 0.31343283582089554 0.054 0.03880597014925373
0 0.912 0.3 0.058 0.09850746268656717
0 0.96 0.2671641791044776 0.058 0.14626865671641792
0 0.791 0.30597014925373134 0.046 0.056716417910447764
0 0.923 0.15074626865671642 0.038 0.1253731343283582
0 0.825 0.282089552238806 0.056 0.10149253731343283
0 0.898 0.1537313432835821 0.036 0.11940298507462686
0 0.815 0.24328358208955222 0.012 0.029850746268656716
0 0.86 0.28507462686567164 0.04 0.05970149253731343