0 0.08359375 0.7157894736842105 0.0109375 0.02368421052631579
0 0.06328125 0.7118421052631579 0.009375 0.02894736842105263
0 0.20625 0.8105263157894737 0.0078125 0.07105263157894737
0 0.05078125 0.7144736842105263 0.0109375 0.02368421052631579
0 0.015625 0.7671052631578947 0.0125 0.05
0 0.03671875 0.7592105263157894 0.009375 0.06578947368421052
0 0.028125 0.5894736842105263 0.0125 0.021052631578947368
0 0.0453125 0.6157894736842106 0.0109375 0.034210526315789476
0 0.9203125 0.6723684210526316 0.00625 0.034210526315789476
0 0.0328125 0.6210526315789474 0.0046875 0.02368421052631579
0 0.9109375 0.6815789473684211 0.0125 0.05526315789473684
0 0.03046875 0.7657894736842106 0.0109375 0.05526315789473684
