0 0.35104166666666664 0.60625 0.1875 0.303125
0 0.5447916666666667 0.609375 0.19166666666666668 0.3
0 0.49166666666666664 0.55 0.07291666666666667 0.1890625
0 0.6416666666666667 0.575 0.09791666666666667 0.240625
0 0.7395833333333334 0.63125 0.10833333333333334 0.2671875
0 0.9302083333333333 0.6421875 0.13958333333333334 0.409375
0 0.2760416666666667 0.52109375 0.05625 0.1296875
0 0.159375 0.48359375 0.04375 0.046875
0 0.13854166666666667 0.49453125 0.025 0.0546875
0 0.22083333333333333 0.5 0.0375 0.071875
0 0.20104166666666667 0.4953125 0.016666666666666666 0.053125
0 0.18333333333333332 0.49140625 0.03125 0.059375
