0 0.5359375 0.5916666666666667 0.084375 0.28541666666666665
0 0.77734375 0.5958333333333333 0.0875 0.36875
0 0.65703125 0.42916666666666664 0.0671875 0.24166666666666667
0 0.57890625 0.24895833333333334 0.028125 0.08958333333333333
0 0.01640625 0.41875 0.0328125 0.22916666666666666
0 0.31171875 0.2677083333333333 0.05625 0.1625
0 0.26484375 0.3104166666666667 0.0546875 0.17291666666666666
0 0.075 0.390625 0.1078125 0.10208333333333333
0 0.72734375 0.4083333333333333 0.0734375 0.23333333333333334
0 0.565625 0.31979166666666664 0.0265625 0.14166666666666666
0 0.03828125 0.27395833333333336 0.0484375 0.16875
0 0.775 0.28229166666666666 0.0328125 0.029166666666666667
