0 0.49296875 0.514018691588785 0.15 0.7710280373831776
0 0.93203125 0.29789719626168226 0.1359375 0.37850467289719625
0 0.73046875 0.2383177570093458 0.1046875 0.3574766355140187
0 0.20625 0.3002336448598131 0.090625 0.3644859813084112
0 0.0546875 0.2827102803738318 0.109375 0.1985981308411215
0 0.66796875 0.21962616822429906 0.0796875 0.29906542056074764
0 0.078125 0.1530373831775701 0.0546875 0.09345794392523364
0 0.8515625 0.14485981308411214 0.05625 0.205607476635514
0 0.55703125 0.15537383177570094 0.0671875 0.15186915887850466
0 0.3703125 0.1705607476635514 0.040625 0.07242990654205607
0 0.54765625 0.2336448598130841 0.1015625 0.28738317757009346
0 0.975 0.13200934579439252 0.05 0.19158878504672897
0 0.04765625 0.205607476635514 0.084375 0.19158878504672897
