0 0.5456674473067916 0.69609375 0.12646370023419204 0.221875
0 0.10889929742388758 0.52578125 0.07962529274004684 0.1
0 0.7154566744730679 0.45859375 0.02810304449648712 0.0546875
0 0.4168618266978923 0.4515625 0.02107728337236534 0.0625
0 0.9297423887587822 0.5609375 0.13817330210772832 0.221875
0 0.797423887587822 0.49140625 0.05152224824355972 0.0875
0 0.6334894613583139 0.4515625 0.02576112412177986 0.0390625
0 0.5925058548009368 0.44765625 0.02810304449648712 0.05625
0 0.21194379391100704 0.49296875 0.1288056206088993 0.1453125
0 0.6522248243559718 0.45078125 0.02107728337236534 0.03125
0 0.3559718969555035 0.46171875 0.04215456674473068 0.0921875
0 0.8583138173302107 0.4796875 0.0468384074941452 0.0796875
0 0.4953161592505855 0.45 0.0117096018735363 0.01875