0 0.74296875 0.5682352941176471 0.040625 0.09647058823529411
0 0.7953125 0.6058823529411764 0.0671875 0.1811764705882353
0 0.53203125 0.6588235294117647 0.0140625 0.042352941176470586
0 0.3875 0.6964705882352941 0.0203125 0.05176470588235294
0 0.371875 0.7 0.0125 0.047058823529411764
0 0.88359375 0.6035294117647059 0.0265625 0.023529411764705882
0 0.69375 0.6329411764705882 0.0546875 0.14823529411764705
0 0.91875 0.6094117647058823 0.034375 0.06352941176470588
0 0.8359375 0.6329411764705882 0.009375 0.021176470588235293
0 0.49453125 0.6729411764705883 0.053125 0.08235294117647059
0 0.53046875 0.6729411764705883 0.0359375 0.06588235294117648