0 0.321875 0.659375 0.096875 0.36041666666666666
0 0.203125 0.6625 0.0921875 0.36666666666666664
0 0.73671875 0.6541666666666667 0.0421875 0.16875
0 0.75546875 0.5520833333333334 0.0234375 0.06458333333333334
0 0.0875 0.6614583333333334 0.046875 0.1625
0 0.11484375 0.6583333333333333 0.0296875 0.15416666666666667
0 0.12265625 0.6458333333333334 0.0546875 0.16458333333333333
0 0.15078125 0.6552083333333333 0.034375 0.14375
0 0.815625 0.6604166666666667 0.0875 0.2625
0 0.0640625 0.65625 0.025 0.14166666666666666
0 0.0296875 0.6697916666666667 0.03125 0.15
0 0.0453125 0.65 0.028125 0.15833333333333333