0 0.778 0.09733333333333333 0.126 0.192
0 0.421 0.124 0.086 0.208
0 0.221 0.12 0.144 0.22666666666666666
0 0.068 0.128 0.136 0.25333333333333335
0 0.181 0.07333333333333333 0.082 0.144
0 0.535 0.08533333333333333 0.078 0.17066666666666666
0 0.592 0.07333333333333333 0.034 0.14666666666666667
0 0.108 0.07733333333333334 0.05 0.15466666666666667
0 0.424 0.10933333333333334 0.154 0.21866666666666668
0 0.982 0.09466666666666666 0.036 0.18933333333333333
0 0.941 0.12 0.114 0.14933333333333335
0 0.673 0.104 0.09 0.208
0 0.951 0.04133333333333333 0.072 0.08266666666666667