0 0.4671875 0.4270833333333333 0.50625 0.7854166666666667
0 0.7390625 0.28125 0.04375 0.04791666666666667
0 0.60234375 0.28229166666666666 0.05625 0.15625
0 0.65078125 0.32708333333333334 0.0328125 0.07916666666666666
0 0.559375 0.26875 0.03125 0.10416666666666667
0 0.3625 0.25104166666666666 0.0125 0.07916666666666666
0 0.65703125 0.284375 0.0125 0.03125
0 0.6984375 0.32083333333333336 0.0453125 0.21458333333333332
0 0.6390625 0.271875 0.0234375 0.0375
0 0.89140625 0.25833333333333336 0.0265625 0.06666666666666667
0 0.75859375 0.25416666666666665 0.0296875 0.06458333333333334
0 0.68203125 0.23854166666666668 0.0078125 0.041666666666666664
0 0.67109375 0.23333333333333334 0.0140625 0.035416666666666666
