0 0.29921875 0.6351851851851852 0.3734375 0.7018518518518518
0 0.640625 0.4666666666666667 0.35 0.4203703703703704
0 0.95078125 0.41388888888888886 0.03125 0.05185185185185185
0 0.86640625 0.5444444444444444 0.11875 0.2833333333333333
0 0.95703125 0.575925925925926 0.0859375 0.21851851851851853
0 0.37890625 0.32592592592592595 0.103125 0.3055555555555556
0 0.11328125 0.4981481481481482 0.1328125 0.26481481481481484
0 0.16484375 0.4111111111111111 0.046875 0.09444444444444444
0 0.21484375 0.40370370370370373 0.06875 0.1111111111111111
0 0.07265625 0.23148148148148148 0.0828125 0.09074074074074075
0 0.51171875 0.42962962962962964 0.209375 0.40370370370370373
