0 0.9 0.5847058823529412 0.071875 0.3788235294117647
0 0.39765625 0.5470588235294118 0.090625 0.33647058823529413
0 0.7046875 0.5529411764705883 0.0609375 0.25176470588235295
0 0.0265625 0.6647058823529411 0.0421875 0.17176470588235293
0 0.7796875 0.45529411764705885 0.034375 0.10823529411764705
0 0.05625 0.5705882352941176 0.05625 0.1223529411764706
0 0.1125 0.46588235294117647 0.0515625 0.10588235294117647
0 0.0234375 0.4988235294117647 0.046875 0.16941176470588235
0 0.63046875 0.5517647058823529 0.03125 0.22588235294117648
0 0.4515625 0.5211764705882352 0.0390625 0.15529411764705883
0 0.2453125 0.6294117647058823 0.1078125 0.49411764705882355
0 0.58671875 0.5494117647058824 0.0421875 0.21411764705882352
0 0.65859375 0.5541176470588235 0.046875 0.25176470588235295
