0 0.175 0.8333333333333334 0.1015625 0.32916666666666666
0 0.01953125 0.7916666666666666 0.0375 0.225
0 0.03125 0.7104166666666667 0.028125 0.10625
0 0.09296875 0.6927083333333334 0.028125 0.09375
0 0.1390625 0.6541666666666667 0.0109375 0.041666666666666664
0 0.21484375 0.6625 0.0125 0.04791666666666667
0 0.30078125 0.6677083333333333 0.0125 0.058333333333333334
0 0.2640625 0.6729166666666667 0.0171875 0.052083333333333336
0 0.28125 0.6635416666666667 0.0140625 0.04375
0 0.290625 0.6697916666666667 0.009375 0.052083333333333336
0 0.34140625 0.6604166666666667 0.01875 0.05625
0 0.02265625 0.6791666666666667 0.025 0.07916666666666666
0 0.0609375 0.7 0.0265625 0.08958333333333333
