0 0.43359375 0.6916666666666667 0.0046875 0.016666666666666666
0 0.5 0.6972222222222222 0.0078125 0.019444444444444445
0 0.8078125 0.6611111111111111 0.00625 0.022222222222222223
0 0.8328125 0.6666666666666666 0.003125 0.011111111111111112
0 0.91171875 0.6555555555555556 0.0046875 0.013888888888888888
0 0.92578125 0.65 0.0046875 0.011111111111111112
0 0.93515625 0.6458333333333334 0.0046875 0.011111111111111112
0 0.13203125 0.6138888888888889 0.0109375 0.019444444444444445
0 0.41796875 0.6916666666666667 0.009375 0.025
0 0.4921875 0.6930555555555555 0.0078125 0.025
0 0.42734375 0.6875 0.009375 0.025
0 0.5078125 0.6958333333333333 0.009375 0.022222222222222223
0 0.446875 0.6819444444444445 0.0078125 0.016666666666666666