0 0.315625 0.694047619047619 0.2109375 0.611904761904762
0 0.85078125 0.6845238095238095 0.2234375 0.3333333333333333
0 0.86015625 0.8940476190476191 0.2234375 0.2119047619047619
0 0.6578125 0.5416666666666666 0.096875 0.1761904761904762
0 0.14296875 0.6428571428571429 0.1109375 0.37857142857142856
0 0.05234375 0.6369047619047619 0.096875 0.29523809523809524
0 0.59453125 0.675 0.153125 0.2714285714285714
0 0.8453125 0.2857142857142857 0.075 0.14761904761904762
0 0.7421875 0.5869047619047619 0.0890625 0.49047619047619045
0 0.93828125 0.5273809523809524 0.103125 0.48333333333333334
0 0.584375 0.37857142857142856 0.0578125 0.25476190476190474
0 0.65546875 0.3119047619047619 0.0359375 0.14523809523809525
0 0.7046875 0.31785714285714284 0.0515625 0.18095238095238095
