0 0.4588607594936709 0.47421875 0.06540084388185655 0.15625
0 0.6128691983122363 0.1375 0.029535864978902954 0.0234375
0 0.8670886075949367 0.39296875 0.10759493670886076 0.1015625
0 0.4810126582278481 0.82734375 0.20675105485232068 0.240625
0 0.20358649789029537 0.86953125 0.11181434599156118 0.146875
0 0.3459915611814346 0.4453125 0.06540084388185655 0.1375
0 0.5126582278481012 0.1734375 0.02531645569620253 0.0703125
0 0.49683544303797467 0.2015625 0.027426160337552744 0.0171875
0 0.45147679324894513 0.1796875 0.03164556962025317 0.0328125
0 0.31751054852320676 0.22421875 0.04852320675105485 0.053125
0 0.36075949367088606 0.22109375 0.05907172995780591 0.05
0 0.33122362869198313 0.20078125 0.02109704641350211 0.0375
0 0.11392405063291139 0.85625 0.1518987341772152 0.215625