0 0.70625 0.5129411764705882 0.5875 0.9482352941176471
0 0.38203125 0.6470588235294118 0.1140625 0.5011764705882353
0 0.27734375 0.68 0.1515625 0.6141176470588235
0 0.1109375 0.5588235294117647 0.08125 0.32235294117647056
0 0.45625 0.5494117647058824 0.0703125 0.3388235294117647
0 0.19765625 0.66 0.09375 0.5105882352941177
0 0.3375 0.44823529411764707 0.028125 0.07058823529411765
0 0.540625 0.4294117647058823 0.059375 0.12705882352941175
0 0.49296875 0.4752941176470588 0.0390625 0.0988235294117647
0 0.13828125 0.528235294117647 0.0421875 0.24705882352941178
0 0.29140625 0.43176470588235294 0.0109375 0.047058823529411764
