0 0.81484375 0.788056206088993 0.059375 0.26229508196721313
0 0.5328125 0.6686182669789227 0.040625 0.1592505854800937
0 0.26875 0.7868852459016393 0.096875 0.3185011709601874
0 0.7609375 0.7599531615925058 0.096875 0.41451990632318503
0 0.46640625 0.6709601873536299 0.0359375 0.14988290398126464
0 0.4359375 0.6768149882903981 0.025 0.14285714285714285
0 0.38125 0.6814988290398126 0.0515625 0.1686182669789227
0 0.82421875 0.6229508196721312 0.0203125 0.06557377049180328
0 0.990625 0.6416861826697893 0.01875 0.10772833723653395
0 0.5640625 0.724824355971897 0.0875 0.3559718969555035
0 0.7828125 0.6826697892271663 0.040625 0.1686182669789227
0 0.94765625 0.6615925058548009 0.0296875 0.11943793911007025
0 0.16640625 0.6733021077283372 0.0265625 0.12646370023419204
