0 0.38125 0.7364583333333333 0.0515625 0.18541666666666667
0 0.4078125 0.7427083333333333 0.0390625 0.16875
0 0.36953125 0.65 0.0171875 0.06041666666666667
0 0.29453125 0.6395833333333333 0.028125 0.035416666666666666
0 0.2546875 0.7260416666666667 0.015625 0.029166666666666667
0 0.29921875 0.7333333333333333 0.0078125 0.0125
0 0.31640625 0.7177083333333333 0.0171875 0.022916666666666665
0 0.47421875 0.675 0.025 0.04791666666666667
0 0.15546875 0.653125 0.015625 0.020833333333333332
0 0.43125 0.6927083333333334 0.03125 0.1
0 0.51640625 0.6916666666666667 0.0296875 0.04375