0 0.20546875 0.5717488789237668 0.121875 0.40582959641255606
0 0.27265625 0.5829596412556054 0.075 0.33856502242152464
0 0.31953125 0.5717488789237668 0.115625 0.3968609865470852
0 0.3828125 0.6177130044843049 0.15 0.38789237668161436
0 0.675 0.5448430493273543 0.0546875 0.2399103139013453
0 0.6515625 0.5392376681614349 0.0359375 0.21076233183856502
0 0.778125 0.5526905829596412 0.059375 0.23542600896860988
0 0.82265625 0.5526905829596412 0.053125 0.2623318385650224
0 0.853125 0.5571748878923767 0.065625 0.2556053811659193
0 0.7328125 0.5538116591928252 0.0546875 0.22869955156950672
0 0.23046875 0.5639013452914798 0.0625 0.35201793721973096
