0 0.52421875 0.5260416666666666 0.1171875 0.2520833333333333
0 0.80859375 0.5041666666666667 0.0640625 0.20625
0 0.29375 0.465625 0.0390625 0.027083333333333334
0 0.209375 0.46458333333333335 0.0484375 0.03958333333333333
0 0.15703125 0.4708333333333333 0.0359375 0.035416666666666666
0 0.92265625 0.41458333333333336 0.0421875 0.058333333333333334
0 0.41328125 0.44375 0.01875 0.041666666666666664
0 0.25234375 0.46979166666666666 0.0296875 0.020833333333333332
0 0.2234375 0.45208333333333334 0.0359375 0.05625
0 0.4609375 0.4354166666666667 0.025 0.04375
