0 0.73046875 0.875 0.1671875 0.24532710280373832
0 0.78125 0.969626168224299 0.09375 0.06074766355140187
0 0.4328125 0.9742990654205608 0.1375 0.0514018691588785
0 0.4609375 0.5385514018691588 0.1078125 0.2733644859813084
0 0.6375 0.5619158878504673 0.1078125 0.21261682242990654
0 0.72890625 0.5151869158878505 0.0765625 0.3317757009345794
0 0.74453125 0.29789719626168226 0.0546875 0.1542056074766355
0 0.675 0.29205607476635514 0.05625 0.1425233644859813
0 0.528125 0.18341121495327103 0.0203125 0.028037383177570093
0 0.640625 0.2967289719626168 0.0484375 0.13317757009345793
0 0.00151224375 0.00216192523364486 0.0000990484375 0.0003490490654205607
0 0.71328125 0.24766355140186916 0.0359375 0.04672897196261682
0 0.140625 0.2967289719626168 0.0484375 0.16121495327102803