0 0.32421875 0.8384401114206128 0.0875 0.3203342618384401
0 0.0953125 0.8774373259052924 0.10625 0.24512534818941503
0 0.91171875 0.8607242339832869 0.059375 0.2590529247910863
0 0.51328125 0.8649025069637883 0.078125 0.26740947075208915
0 0.6796875 0.8426183844011143 0.10625 0.2924791086350975
0 0.8515625 0.8565459610027855 0.059375 0.2618384401114206
0 0.7203125 0.8732590529247911 0.0421875 0.233983286908078
0 0.81484375 0.8802228412256268 0.0671875 0.2395543175487465
0 0.190625 0.8593314763231198 0.0484375 0.28133704735376047
0 0.7734375 0.7980501392757661 0.040625 0.08356545961002786
0 0.9828125 0.9080779944289693 0.021875 0.13370473537604458
0 0.3640625 0.9011142061281338 0.04375 0.1977715877437326
0 0.24453125 0.7646239554317549 0.015625 0.04735376044568245
