0 0.8890625 0.5683453237410072 0.1859375 0.6762589928057554
0 0.73984375 0.6726618705035972 0.2828125 0.48201438848920863
0 0.7546875 0.302158273381295 0.0453125 0.2805755395683453
0 0.0014893562500000001 0.0009817697841726619 0.0001462890625 0.0013750575539568345
0 0.421875 0.5341726618705036 0.253125 0.6870503597122302
0 0.59296875 0.3039568345323741 0.084375 0.4748201438848921
0 0.49453125 0.3183453237410072 0.0859375 0.4352517985611511
0 0.39296875 0.289568345323741 0.06875 0.44244604316546765
0 0.31875 0.1618705035971223 0.071875 0.15467625899280577
0 0.24296875 0.3057553956834532 0.090625 0.460431654676259
0 0.14140625 0.3039568345323741 0.1171875 0.4712230215827338
0 0.05078125 0.28597122302158273 0.0875 0.4172661870503597
0 0.64921875 0.08633093525179857 0.06875 0.13309352517985612