0 0.00041699218749999994 0.0014762060889929743 0.00052006875 0.0017314309133489461
0 0.65703125 0.49882903981264637 0.159375 0.43559718969555034
0 0.39453125 0.49414519906323184 0.146875 0.22950819672131148
0 0.3 0.30562060889929743 0.06875 0.18032786885245902
0 0.440625 0.32201405152224827 0.103125 0.2529274004683841
0 0.49921875 0.25995316159250587 0.0515625 0.12646370023419204
0 0.6609375 0.22365339578454332 0.0390625 0.07728337236533958
0 0.92890625 0.28337236533957844 0.0953125 0.17798594847775176
0 0.8390625 0.3079625292740047 0.1484375 0.24355971896955503
0 0.765625 0.27400468384074944 0.115625 0.234192037470726
0 0.73125 0.234192037470726 0.0453125 0.09836065573770492
0 0.2515625 0.25878220140515223 0.04375 0.11241217798594848
0 0.709375 0.38992974238875877 0.1109375 0.3091334894613583
