0 0.36875 0.5361305361305362 0.028125 0.08391608391608392
0 0.1765625 0.4731934731934732 0.03125 0.09557109557109557
0 0.29921875 0.2867132867132867 0.00625 0.018648018648018648
0 0.19140625 0.27972027972027974 0.0078125 0.02564102564102564
0 0.38984375 0.548951048951049 0.0140625 0.023310023310023312
0 0.1796875 0.29953379953379955 0.0109375 0.030303030303030304
0 0.30859375 0.27505827505827507 0.00625 0.016317016317016316
0 0.22890625 0.2937062937062937 0.0140625 0.016317016317016316
0 0.13671875 0.3764568764568765 0.0296875 0.05827505827505827
0 0.225 0.2715617715617716 0.009375 0.023310023310023312
0 0.16171875 0.28321678321678323 0.015625 0.02564102564102564
0 0.32578125 0.2867132867132867 0.00625 0.009324009324009324
0 0.63671875 0.48834498834498835 0.009375 0.011655011655011656
