0 0.79296875 0.7652582159624414 0.071875 0.3028169014084507
0 0.85390625 0.7312206572769953 0.059375 0.29577464788732394
0 0.54609375 0.6666666666666666 0.025 0.11971830985915492
0 0.484375 0.6396713615023474 0.0125 0.07746478873239436
0 0.46328125 0.642018779342723 0.0125 0.06572769953051644
0 0.47421875 0.6396713615023474 0.0140625 0.06807511737089202
0 0.45 0.642018779342723 0.0109375 0.07276995305164319
0 0.4296875 0.6291079812206573 0.0140625 0.056338028169014086
0 0.41328125 0.6208920187793427 0.0078125 0.04225352112676056
0 0.40234375 0.6220657276995305 0.0125 0.03755868544600939
0 0.384375 0.6279342723004695 0.0125 0.03755868544600939
0 0.37890625 0.6255868544600939 0.0078125 0.046948356807511735
0 0.44140625 0.6443661971830986 0.015625 0.07746478873239436