0 0.44921875 0.3946135831381733 0.23125 0.6908665105386417
0 0.58203125 0.16159250585480095 0.0609375 0.1053864168618267
0 0.515625 0.17798594847775176 0.0546875 0.1053864168618267
0 0.79296875 0.15456674473067916 0.0515625 0.16159250585480095
0 0.6484375 0.1557377049180328 0.0234375 0.07728337236533958
0 0.72265625 0.1451990632318501 0.0234375 0.07259953161592506
0 0.8234375 0.1405152224824356 0.01875 0.06791569086651054
0 0.68359375 0.14168618266978922 0.0140625 0.04449648711943794
0 0.60390625 0.1451990632318501 0.015625 0.03044496487119438
0 0.69921875 0.1358313817330211 0.0125 0.0351288056206089
0 0.5359375 0.17330210772833723 0.0328125 0.07259953161592506
0 0.834375 0.14402810304449648 0.0109375 0.03044496487119438
