0 0.28046875 0.5583333333333333 0.29375 0.42291666666666666
0 0.29375 0.14895833333333333 0.03125 0.06875
0 0.540625 0.1875 0.0265625 0.09375
0 0.82265625 0.16770833333333332 0.0234375 0.07916666666666666
0 0.13046875 0.22291666666666668 0.0390625 0.19375
0 0.44921875 0.2 0.0515625 0.1
0 0.2453125 0.2375 0.0609375 0.11875
0 0.63828125 0.16770833333333332 0.034375 0.12708333333333333
0 0.66875 0.165625 0.0375 0.13125
0 0.075 0.22395833333333334 0.0640625 0.19791666666666666
0 0.2015625 0.23229166666666667 0.059375 0.13333333333333333
0 0.28984375 0.20520833333333333 0.040625 0.07291666666666667
0 0.7140625 0.16770833333333332 0.0359375 0.12708333333333333
