0 0.4046875 0.49058823529411766 0.240625 0.4258823529411765
0 0.15859375 0.5929411764705882 0.3171875 0.34352941176470586
0 0.30859375 0.54 0.0421875 0.12941176470588237
0 0.27890625 0.56 0.0546875 0.15529411764705883
0 0.59375 0.40705882352941175 0.0921875 0.2635294117647059
0 0.6375 0.34823529411764703 0.1015625 0.24235294117647058
0 0.6921875 0.24705882352941178 0.0515625 0.11058823529411765
0 0.51640625 0.44 0.05625 0.17176470588235293
0 0.03359375 0.7164705882352941 0.065625 0.2
0 0.05 0.6741176470588235 0.0734375 0.18588235294117647
0 0.509375 0.4811764705882353 0.034375 0.11529411764705882
0 0.73359375 0.2529411764705882 0.0703125 0.1411764705882353
0 0.53828125 0.4223529411764706 0.0796875 0.23294117647058823