0 0.5078125 0.8149882903981265 0.159375 0.3325526932084309
0 0.8578125 0.8501170960187353 0.2515625 0.27634660421545665
0 0.221875 0.7412177985948478 0.240625 0.49882903981264637
0 0.71328125 0.8805620608899297 0.09375 0.2388758782201405
0 0.76328125 0.8583138173302107 0.121875 0.28337236533957844
0 0.5890625 0.870023419203747 0.2046875 0.234192037470726
0 0.9359375 0.7412177985948478 0.034375 0.10070257611241218
0 0.77578125 0.7014051522248244 0.0203125 0.02810304449648712
0 0.3875 0.8044496487119438 0.1203125 0.3629976580796253
0 0.9546875 0.8407494145199064 0.05625 0.234192037470726
0 0.1375 0.6967213114754098 0.053125 0.1686182669789227
0 0.76328125 0.7330210772833724 0.0171875 0.04215456674473068
0 0.11953125 0.6709601873536299 0.0234375 0.06088992974238876
