0 0.3390625 0.43923240938166314 0.2484375 0.5266524520255863
0 0.5703125 0.40085287846481876 0.146875 0.6119402985074627
0 0.45078125 0.3678038379530917 0.2203125 0.4840085287846482
0 0.86484375 0.3859275053304904 0.1390625 0.464818763326226
0 0.13359375 0.3784648187633262 0.1359375 0.35181236673773986
0 0.6296875 0.38912579957356075 0.3671875 0.673773987206823
0 0.18203125 0.3624733475479744 0.0625 0.26439232409381663
0 0.225 0.27185501066098083 0.03125 0.10021321961620469
0 0.365625 0.2579957356076759 0.03125 0.04904051172707889
0 0.0578125 0.373134328358209 0.06875 0.32409381663113007
0 0.34296875 0.25692963752665243 0.0328125 0.06396588486140725
0 0.02421875 0.2899786780383795 0.04375 0.11513859275053305
