0 0.7625 0.6206088992974239 0.1328125 0.4168618266978923
0 0.9046875 0.6088992974238876 0.0953125 0.49882903981264637
0 0.290625 0.531615925058548 0.071875 0.34192037470725994
0 0.21953125 0.5210772833723654 0.0671875 0.34894613583138173
0 0.16875 0.5679156908665105 0.15625 0.48711943793911006
0 0.0375 0.5819672131147541 0.0609375 0.44028103044496486
0 0.82890625 0.6241217798594848 0.0953125 0.49414519906323184
0 0.47265625 0.49063231850117095 0.040625 0.17798594847775176
0 0.58671875 0.5058548009367682 0.040625 0.20608899297423888
0 0.553125 0.4859484777517564 0.0359375 0.1522248243559719
0 0.3703125 0.5035128805620609 0.04375 0.20374707259953162
0 0.97734375 0.46252927400468385 0.0453125 0.27400468384074944
0 0.33515625 0.49765807962529274 0.028125 0.2107728337236534