0 0.215625 0.1509433962264151 0.0296875 0.09905660377358491
0 0.1453125 0.06721698113207547 0.0328125 0.12735849056603774
0 0.328125 0.10377358490566038 0.01875 0.07075471698113207
0 0.25546875 0.16037735849056603 0.03125 0.10849056603773585
0 0.11953125 0.10495283018867925 0.03125 0.07075471698113207
0 0.35234375 0.15919811320754718 0.01875 0.06132075471698113
0 0.15390625 0.1320754716981132 0.0296875 0.04245283018867924
0 0.62265625 0.03891509433962264 0.0265625 0.02830188679245283
0 0.46640625 0.1509433962264151 0.01875 0.054245283018867926
0 0.59140625 0.049528301886792456 0.0109375 0.01179245283018868
0 0.96015625 0.08844339622641509 0.0796875 0.17452830188679244
0 0.553125 0.05188679245283019 0.0125 0.014150943396226415
