0 0.09453125 0.7740046838407494 0.1296875 0.41920374707259955
0 0.11328125 0.28805620608899296 0.153125 0.45901639344262296
0 0.1984375 0.6733021077283372 0.0921875 0.3793911007025761
0 0.34296875 0.45550351288056207 0.021875 0.1592505854800937
0 0.5 0.34192037470725994 0.2296875 0.667447306791569
0 0.75703125 0.36065573770491804 0.184375 0.7213114754098361
0 0.89140625 0.3711943793911007 0.2171875 0.7330210772833724
0 0.35546875 0.5562060889929742 0.0921875 0.25995316159250587
0 0.078125 0.14637002341920374 0.03125 0.04918032786885246
0 0.38203125 0.3946135831381733 0.03125 0.08430913348946135
0 0.0375 0.41100702576112413 0.0546875 0.21779859484777517
0 0.36015625 0.4426229508196721 0.0265625 0.11943793911007025
0 0.446875 0.5491803278688525 0.0296875 0.14285714285714285