0 0.459375 0.6044600938967136 0.16875 0.15258215962441316
0 0.428125 0.5528169014084507 0.04375 0.16666666666666666
0 0.7171875 0.534037558685446 0.040625 0.14084507042253522
0 0.13984375 0.4694835680751174 0.0078125 0.03990610328638498
0 0.12109375 0.465962441314554 0.009375 0.03990610328638498
0 0.02578125 0.4624413145539906 0.00625 0.03286384976525822
0 0.05390625 0.4624413145539906 0.0109375 0.03755868544600939
0 0.22734375 0.4753521126760563 0.0078125 0.04225352112676056
0 0.47734375 0.539906103286385 0.121875 0.13145539906103287
0 0.00546875 0.460093896713615 0.0109375 0.03755868544600939
0 0.234375 0.4765258215962441 0.0078125 0.03755868544600939
