0 0.61953125 0.5418367346938775 0.159375 0.4673469387755102
0 0.521875 0.4561224489795918 0.065625 0.18775510204081633
0 0.271875 0.47551020408163264 0.065625 0.3040816326530612
0 0.18125 0.5204081632653061 0.134375 0.4163265306122449
0 0.06171875 0.5061224489795918 0.0765625 0.4326530612244898
0 0.32421875 0.40714285714285714 0.0265625 0.11020408163265306
0 0.9390625 0.4530612244897959 0.04375 0.12244897959183673
0 0.78984375 0.42448979591836733 0.0234375 0.07755102040816327
0 0.3453125 0.3979591836734694 0.0203125 0.07346938775510205
0 0.88125 0.4479591836734694 0.034375 0.12244897959183673
0 0.815625 0.42448979591836733 0.0140625 0.05714285714285714
0 0.4 0.45102040816326533 0.071875 0.19591836734693877
0 0.4484375 0.39387755102040817 0.0140625 0.05102040816326531