0 0.4171875 0.6683333333333333 0.11875 0.6366666666666667
0 0.9328125 0.7016666666666667 0.134375 0.5733333333333334
0 0.659375 0.5783333333333334 0.1 0.6133333333333333
0 0.79609375 0.5916666666666667 0.2046875 0.79
0 0.56171875 0.5816666666666667 0.0984375 0.66
0 0.325 0.31 0.009375 0.05333333333333334
0 0.50546875 0.4766666666666667 0.03125 0.3
0 0.3125 0.545 0.096875 0.61
0 0.4625 0.6233333333333333 0.0796875 0.6033333333333334
0 0.38125 0.43333333333333335 0.05 0.25666666666666665
0 0.69375 0.3433333333333333 0.028125 0.07333333333333333
0 0.6484375 0.36666666666666664 0.484375 0.2
0 0.4453125 0.3516666666666667 0.0296875 0.08666666666666667