0 0.201 0.2945619335347432 0.088 0.33534743202416917
0 0.126 0.2945619335347432 0.082 0.3323262839879154
0 0.301 0.23413897280966767 0.056 0.2175226586102719
0 0.684 0.23564954682779457 0.038 0.15709969788519637
0 0.634 0.2311178247734139 0.046 0.1691842900302115
0 0.172 0.17069486404833836 0.024 0.11178247734138973
0 0.102 0.13746223564954682 0.016 0.05740181268882175
0 0.23 0.14954682779456194 0.02 0.0634441087613293
0 0.666 0.16012084592145015 0.018 0.03625377643504532
0 0.223 0.11933534743202417 0.006 0.02416918429003021
0 0.559 0.15709969788519637 0.014 0.03927492447129909