0 0.24765625 0.508177570093458 0.4171875 0.8714953271028038
0 0.90625 0.4871495327102804 0.0578125 0.24766355140186916
0 0.765625 0.5035046728971962 0.05625 0.1658878504672897
0 0.73359375 0.49649532710280375 0.028125 0.14018691588785046
0 0.70390625 0.47313084112149534 0.0359375 0.12850467289719625
0 0.6109375 0.47313084112149534 0.034375 0.12149532710280374
0 0.66875 0.5502336448598131 0.053125 0.09345794392523364
0 0.48203125 0.47546728971962615 0.0390625 0.1308411214953271
0 0.12890625 0.6203271028037384 0.2046875 0.5420560747663551
0 0.8265625 0.44742990654205606 0.0328125 0.0911214953271028
0 0.66484375 0.47897196261682246 0.059375 0.1542056074766355
0 0.0625 0.4485981308411215 0.046875 0.11682242990654206
0 0.865625 0.49065420560747663 0.0328125 0.16822429906542055