0 0.23203125 0.7084309133489461 0.1875 0.23185011709601874
0 0.12734375 0.65807962529274 0.13125 0.3091334894613583
0 0.53125 0.6428571428571429 0.18125 0.34192037470725994
0 0.58984375 0.45784543325526933 0.0484375 0.22716627634660422
0 0.5421875 0.42271662763466045 0.071875 0.20843091334894615
0 0.7328125 0.4672131147540984 0.0625 0.24824355971896955
0 0.91640625 0.45433255269320844 0.059375 0.2529274004683841
0 0.9703125 0.45784543325526933 0.059375 0.24355971896955503
0 0.85703125 0.45433255269320844 0.0828125 0.25995316159250587
0 0.39921875 0.2857142857142857 0.04375 0.1053864168618267
0 0.2859375 0.5011709601873536 0.0640625 0.19437939110070257
0 0.659375 0.5046838407494145 0.0640625 0.18266978922716628
0 0.04609375 0.17096018735362997 0.0703125 0.13817330210772832
