0 0.41875 0.7114485981308412 0.209375 0.5771028037383178
0 0.265625 0.6623831775700935 0.13125 0.5794392523364486
0 0.44765625 0.633177570093458 0.1296875 0.530373831775701
0 0.51015625 0.6285046728971962 0.175 0.572429906542056
0 0.91953125 0.5537383177570093 0.1609375 0.602803738317757
0 0.74921875 0.5035046728971962 0.1234375 0.5560747663551402
0 0.525 0.0689252336448598 0.1046875 0.1378504672897196
0 0.290625 0.45560747663551404 0.1640625 0.5584112149532711
0 0.65703125 0.7021028037383178 0.2046875 0.5630841121495327
0 0.95234375 0.08060747663551401 0.0953125 0.16121495327102803
0 0.36953125 0.07126168224299065 0.0578125 0.1425233644859813
0 0.15078125 0.5338785046728972 0.165625 0.5397196261682243
