0 0.61796875 0.8697916666666666 0.36875 0.2375
0 0.4921875 0.7239583333333334 0.3140625 0.55
0 0.29140625 0.6760416666666667 0.225 0.5104166666666666
0 0.875 0.565625 0.209375 0.8333333333333334
0 0.16171875 0.6208333333333333 0.2375 0.475
0 0.08125 0.5239583333333333 0.084375 0.2833333333333333
0 0.815625 0.4083333333333333 0.13125 0.3729166666666667
0 0.70078125 0.5072916666666667 0.1609375 0.4354166666666667
0 0.1828125 0.4791666666666667 0.1125 0.30833333333333335
0 0.58671875 0.56875 0.2359375 0.3625
0 0.40546875 0.5541666666666667 0.1625 0.38125
0 0.37421875 0.09895833333333333 0.0984375 0.18125
0 0.26796875 0.26145833333333335 0.06875 0.22291666666666668