0 0.41569086651053866 0.44296875 0.5831381733021077 0.709375
0 0.8992974238875878 0.334375 0.18266978922716628 0.1703125
0 0.2611241217798595 0.43125 0.16159250585480095 0.1
0 0.07259953161592506 0.415625 0.1405152224824356 0.128125
0 0.607728337236534 0.41640625 0.15690866510538642 0.121875
0 0.14754098360655737 0.17734375 0.1358313817330211 0.1375
0 0.39695550351288056 0.0578125 0.17330210772833723 0.115625
0 0.117096018735363 0.0515625 0.13348946135831383 0.0828125
0 0.07962529274004684 0.3640625 0.15456674473067916 0.134375
0 0.20843091334894615 0.21640625 0.30679156908665106 0.15
0 0.7306791569086651 0.1984375 0.14285714285714285 0.128125
0 0.8337236533957846 0.1796875 0.1686182669789227 0.1359375
0 0.23302107728337237 0.06953125 0.11943793911007025 0.1140625