0 0.47109375 0.5875 0.5140625 0.8229166666666666
0 0.78359375 0.5333333333333333 0.4328125 0.8645833333333334
0 0.70703125 0.18333333333333332 0.128125 0.36666666666666664
0 0.56640625 0.09270833333333334 0.0703125 0.18541666666666667
0 0.3546875 0.146875 0.103125 0.28958333333333336
0 0.16015625 0.14270833333333333 0.1015625 0.28125
0 0.0014895515625 0.00022532500000000002 0.0001458984375 0.00028302916666666665
0 0.040625 0.12916666666666668 0.08125 0.25833333333333336
0 0.46171875 0.15104166666666666 0.109375 0.3020833333333333
0 0.83125 0.20625 0.184375 0.35208333333333336
0 0.79921875 0.134375 0.0796875 0.26875
