0 0.23366013071895425 0.45016339869281047 0.10784313725490197 0.565359477124183
0 0.07516339869281045 0.36764705882352944 0.07352941176470588 0.2369281045751634
0 0.03104575163398693 0.35947712418300654 0.05718954248366013 0.2042483660130719
0 0.7573529411764706 0.30392156862745096 0.024509803921568627 0.05555555555555555
0 0.7238562091503268 0.29983660130718953 0.017973856209150325 0.03758169934640523
0 0.6993464052287581 0.3014705882352941 0.021241830065359478 0.03431372549019608
0 0.9697712418300654 0.3929738562091503 0.058823529411764705 0.20261437908496732
0 0.8022875816993464 0.2957516339869281 0.026143790849673203 0.05065359477124183
0 0.6691176470588235 0.29330065359477125 0.026143790849673203 0.05065359477124183
0 0.12663398692810457 0.3660130718954248 0.08986928104575163 0.24509803921568626
0 0.46405228758169936 0.434640522875817 0.06862745098039216 0.36764705882352944
0 0.35049019607843135 0.4730392156862745 0.2434640522875817 0.8986928104575164
0 0.6176470588235294 0.3137254901960784 0.021241830065359478 0.026143790849673203
