0 0.2328125 0.6448598130841121 0.4125 0.6869158878504673
0 0.09375 0.4614485981308411 0.1703125 0.40654205607476634
0 0.31875 0.35397196261682246 0.10625 0.18691588785046728
0 0.43046875 0.29789719626168226 0.0609375 0.21261682242990654
0 0.38828125 0.3726635514018692 0.040625 0.14018691588785046
0 0.49296875 0.2803738317757009 0.046875 0.11448598130841121
0 0.85546875 0.6670560747663551 0.2890625 0.6378504672897196
0 0.7890625 0.5257009345794392 0.240625 0.4696261682242991
0 0.66875 0.2967289719626168 0.053125 0.10046728971962617
0 0.70234375 0.44509345794392524 0.0515625 0.17990654205607476
0 0.73203125 0.3317757009345794 0.071875 0.13317757009345793
0 0.36875 0.7593457943925234 0.1546875 0.3247663551401869
0 0.575 0.4392523364485981 0.184375 0.4929906542056075