0 0.2703125 0.45244956772334294 0.2125 0.46397694524495675
0 0.88359375 0.46397694524495675 0.0765625 0.40057636887608067
0 0.49140625 0.2910662824207493 0.03125 0.07492795389048991
0 0.001409753125 0.0019971527377521613 0.00030549375 0.001769386167146974
0 0.959375 0.29971181556195964 0.05625 0.2132564841498559
0 0.54453125 0.23919308357348704 0.03125 0.11239193083573487
0 0.55859375 0.22334293948126802 0.0265625 0.10951008645533142
0 0.65390625 0.2838616714697406 0.0265625 0.04610951008645533
0 0.834375 0.36023054755043227 0.05625 0.12968299711815562
0 0.7328125 0.2824207492795389 0.009375 0.025936599423631124
0 0.6734375 0.2953890489913545 0.0109375 0.020172910662824207
0 0.9875 0.32132564841498557 0.025 0.13544668587896252
0 0.621875 0.30403458213256485 0.0203125 0.0345821325648415