0 0.21328125 0.5152941176470588 0.0578125 0.12470588235294118
0 0.240625 0.4964705882352941 0.0421875 0.09411764705882353
0 0.284375 0.4788235294117647 0.0578125 0.09176470588235294
0 0.32109375 0.5011764705882353 0.0265625 0.08
0 0.434375 0.5011764705882353 0.040625 0.08705882352941176
0 0.35078125 0.5035294117647059 0.034375 0.07294117647058823
0 0.6640625 0.48705882352941177 0.0328125 0.058823529411764705
0 0.51171875 0.5458823529411765 0.0484375 0.14352941176470588
0 0.615625 0.46705882352941175 0.0359375 0.05411764705882353
0 0.96875 0.4376470588235294 0.040625 0.047058823529411764
0 0.93671875 0.43058823529411766 0.0359375 0.05647058823529412
0 0.6890625 0.4788235294117647 0.0234375 0.05647058823529412
0 0.88359375 0.4294117647058823 0.0375 0.07058823529411765