0 0.61796875 0.19437939110070257 0.1015625 0.23653395784543327
0 0.53515625 0.19789227166276346 0.1140625 0.2224824355971897
0 0.78984375 0.21194379391100704 0.0890625 0.21779859484777517
0 0.90078125 0.2154566744730679 0.1296875 0.22014051522248243
0 0.75078125 0.12295081967213115 0.0890625 0.24121779859484777
0 0.659375 0.11358313817330211 0.096875 0.2224824355971897
0 0.23359375 0.405152224824356 0.0921875 0.43559718969555034
0 0.1359375 0.20608899297423888 0.0875 0.16627634660421545
0 0.225 0.20725995316159251 0.090625 0.16627634660421545
0 0.35 0.18384074941451992 0.134375 0.24355971896955503
0 0.95078125 0.8524590163934426 0.0984375 0.29508196721311475
0 0.36875 0.11007025761124122 0.16875 0.22014051522248243
0 0.37265625 0.594847775175644 0.253125 0.7681498829039812