0 0.15703125 0.7605140186915887 0.115625 0.29439252336448596
0 0.76875 0.580607476635514 0.015625 0.0514018691588785
0 0.83046875 0.5735981308411215 0.0359375 0.09579439252336448
0 0.68125 0.580607476635514 0.0234375 0.10046728971962617
0 0.80078125 0.5700934579439252 0.0140625 0.07009345794392523
0 0.721875 0.5817757009345794 0.0140625 0.04906542056074766
0 0.784375 0.5794392523364486 0.0125 0.04439252336448598
0 0.82265625 0.5665887850467289 0.021875 0.0794392523364486
0 0.1015625 0.7406542056074766 0.05 0.2757009345794392
0 0.64765625 0.5771028037383178 0.025 0.10981308411214953
0 0.74453125 0.580607476635514 0.015625 0.056074766355140186
0 0.8609375 0.5700934579439252 0.021875 0.09813084112149532
0 0.7109375 0.5852803738317757 0.0171875 0.04906542056074766