0 0.26328125 0.41238317757009346 0.0546875 0.21962616822429906
0 0.6953125 0.5035046728971962 0.3578125 0.3644859813084112
0 0.5515625 0.39602803738317754 0.0234375 0.11682242990654206
0 0.5140625 0.39953271028037385 0.0390625 0.13551401869158877
0 0.80859375 0.41238317757009346 0.03125 0.13551401869158877
0 0.78203125 0.4077102803738318 0.0328125 0.1308411214953271
0 0.93984375 0.3808411214953271 0.0796875 0.3037383177570093
0 0.575 0.3820093457943925 0.03125 0.11682242990654206
0 0.53828125 0.3983644859813084 0.0125 0.09345794392523364
0 0.8296875 0.3925233644859813 0.0171875 0.05841121495327103
0 0.73828125 0.3703271028037383 0.0140625 0.04205607476635514
0 0.8453125 0.39485981308411217 0.015625 0.06074766355140187
0 0.87578125 0.39135514018691586 0.053125 0.28738317757009346