0 0.4546875 0.5075187969924813 0.1328125 0.2518796992481203
0 0.340625 0.7048872180451128 0.2296875 0.16541353383458646
0 0.859375 0.693609022556391 0.109375 0.14661654135338345
0 0.521875 0.6597744360902256 0.109375 0.17857142857142858
0 0.79453125 0.674812030075188 0.125 0.15977443609022557
0 0.9296875 0.6381578947368421 0.06875 0.08646616541353383
0 0.61875 0.5742481203007519 0.0765625 0.08834586466165413
0 0.146875 0.6090225563909775 0.034375 0.03195488721804511
0 0.05546875 0.5234962406015038 0.0359375 0.045112781954887216
0 0.61875 0.4793233082706767 0.028125 0.04887218045112782
0 0.53125 0.5169172932330827 0.0390625 0.046992481203007516
0 0.24296875 0.5018796992481203 0.1578125 0.05639097744360902