0 0.518 0.5780141843971631 0.126 0.6702127659574468
0 0.804 0.6365248226950354 0.078 0.41843971631205673
0 0.401 0.6081560283687943 0.072 0.4397163120567376
0 0.282 0.6578014184397163 0.054 0.20567375886524822
0 0.101 0.5921985815602837 0.07 0.37943262411347517
0 0.024 0.5886524822695035 0.046 0.3723404255319149
0 0.633 0.6631205673758865 0.032 0.13829787234042554
0 0.148 0.6152482269503546 0.04 0.3049645390070922
0 0.333 0.6134751773049646 0.078 0.29432624113475175
0 0.944 0.6773049645390071 0.066 0.2978723404255319
0 0.704 0.6595744680851063 0.02 0.12056737588652482
