0 0.32109375 0.940625 0.0578125 0.11875
0 0.41875 0.9270833333333334 0.1109375 0.14583333333333334
0 0.5890625 0.5520833333333334 0.034375 0.14791666666666667
0 0.834375 0.8083333333333333 0.0609375 0.13125
0 0.39453125 0.6927083333333334 0.034375 0.18541666666666667
0 0.48515625 0.7458333333333333 0.0640625 0.13125
0 0.25625 0.9552083333333333 0.08125 0.0875
0 0.1484375 0.8645833333333334 0.053125 0.20416666666666666
0 0.2515625 0.6385416666666667 0.0390625 0.13333333333333333
0 0.67265625 0.9385416666666667 0.090625 0.12291666666666666
0 0.38984375 0.5229166666666667 0.0515625 0.12083333333333333
0 0.41015625 0.31354166666666666 0.03125 0.08958333333333333
0 0.8109375 0.6135416666666667 0.04375 0.13125
