0 0.6390625 0.5934579439252337 0.1984375 0.8130841121495327
0 0.82421875 0.5992990654205608 0.1953125 0.8014018691588785
0 0.41640625 0.5899532710280374 0.1859375 0.7897196261682243
0 0.2515625 0.37616822429906543 0.08125 0.2897196261682243
0 0.053125 0.4544392523364486 0.0984375 0.5257009345794392
0 0.52890625 0.40654205607476634 0.0734375 0.3411214953271028
0 0.25859375 0.6004672897196262 0.15 0.4485981308411215
0 0.4515625 0.3107476635514019 0.05 0.1308411214953271
0 0.96796875 0.5362149532710281 0.0640625 0.6121495327102804
0 0.13125 0.4894859813084112 0.1328125 0.6285046728971962
0 0.54765625 0.7044392523364486 0.1421875 0.35046728971962615
0 0.81796875 0.30257009345794394 0.1109375 0.29205607476635514
0 0.740625 0.5 0.096875 0.5373831775700935