0 0.65078125 0.8489583333333334 0.0421875 0.14166666666666666
0 0.88984375 0.7895833333333333 0.0421875 0.09791666666666667
0 0.628125 0.7677083333333333 0.0171875 0.027083333333333334
0 0.846875 0.7875 0.0203125 0.06666666666666667
0 0.61953125 0.8333333333333334 0.04375 0.14166666666666666
0 0.60703125 0.8125 0.0140625 0.03958333333333333
0 0.89765625 0.7854166666666667 0.021875 0.06875
0 0.97109375 0.76875 0.01875 0.027083333333333334
0 0.98359375 0.7552083333333334 0.0171875 0.025
0 0.64921875 0.7708333333333334 0.0234375 0.03125
0 0.91640625 0.7625 0.01875 0.06041666666666667
0 0.2 0.7614583333333333 0.0203125 0.03125
0 0.71640625 0.8510416666666667 0.06875 0.17708333333333334