0 0.5953125 0.41354166666666664 0.2859375 0.54375
0 0.45546875 0.334375 0.246875 0.3458333333333333
0 0.2953125 0.26875 0.1015625 0.17916666666666667
0 0.13515625 0.5958333333333333 0.2703125 0.8083333333333333
0 0.078125 0.340625 0.1078125 0.1875
0 0.75 0.44479166666666664 0.5 0.7416666666666667
0 0.403125 0.09166666666666666 0.0984375 0.18333333333333332
0 0.596875 0.14895833333333333 0.0984375 0.28958333333333336
0 0.7296875 0.08958333333333333 0.1375 0.175
0 0.24140625 0.2520833333333333 0.04375 0.07083333333333333
0 0.346875 0.26145833333333335 0.0953125 0.1875
