0 0.39140625 0.4737470167064439 0.025 0.2100238663484487
0 0.459375 0.48687350835322196 0.0671875 0.18615751789976134
0 0.51484375 0.49403341288782815 0.0609375 0.18854415274463007
0 0.58515625 0.47613365155131265 0.065625 0.2171837708830549
0 0.7453125 0.4964200477326969 0.053125 0.19809069212410502
0 0.8015625 0.48687350835322196 0.059375 0.2243436754176611
0 0.2515625 0.6742243436754176 0.2453125 0.26014319809069214
0 0.68046875 0.26968973747016706 0.0546875 0.08353221957040573
0 0.16171875 0.47494033412887826 0.05625 0.20047732696897375
0 0.05625 0.4606205250596659 0.0640625 0.2171837708830549
0 0.58203125 0.5190930787589498 0.071875 0.14081145584725538
0 0.65234375 0.48568019093078757 0.05 0.20047732696897375
0 0.6953125 0.5011933174224343 0.0578125 0.18138424821002386
