0 0.15703125 0.5833333333333334 0.03125 0.13849765258215962
0 0.13671875 0.5692488262910798 0.0203125 0.15023474178403756
0 0.12109375 0.5645539906103286 0.028125 0.18779342723004694
0 0.1671875 0.5363849765258216 0.03125 0.13615023474178403
0 0.18125 0.5093896713615024 0.0078125 0.03755868544600939
0 0.1984375 0.5845070422535211 0.0359375 0.08685446009389672
0 0.000026892187500000002 0.00186906338028169 0.000049340625 0.0009567112676056338
0 0.23203125 0.4953051643192488 0.009375 0.03990610328638498
0 0.33046875 0.4284037558685446 0.0109375 0.028169014084507043
0 0.13203125 0.49765258215962443 0.0109375 0.04225352112676056
