0 0.22734375 0.5210772833723654 0.0140625 0.0585480093676815
0 0.19609375 0.5374707259953162 0.0171875 0.05620608899297424
0 0.34921875 0.49882903981264637 0.01875 0.06088992974238876
0 0.44765625 0.5351288056206089 0.0109375 0.02107728337236534
0 0.6078125 0.5046838407494145 0.0046875 0.01405152224824356
0 0.59296875 0.5046838407494145 0.00625 0.01639344262295082
0 0.371875 0.5140515222482436 0.01875 0.07728337236533958
0 0.465625 0.5433255269320844 0.009375 0.01873536299765808
0 0.3140625 0.5327868852459017 0.01875 0.02810304449648712
0 0.25703125 0.522248243559719 0.0171875 0.01873536299765808
0 0.784375 0.7201405152224825 0.084375 0.5597189695550351
0 0.21171875 0.5046838407494145 0.009375 0.0234192037470726
0 0.2828125 0.5245901639344263 0.034375 0.03981264637002342