0 0.6150627615062761 0.55546875 0.19246861924686193 0.2484375
0 0.7698744769874477 0.53671875 0.17573221757322174 0.25
0 0.44037656903765693 0.73515625 0.604602510460251 0.503125
0 0.3002092050209205 0.58515625 0.2510460251046025 0.246875
0 0.9612970711297071 0.4765625 0.07740585774058577 0.1234375
0 0.08786610878661087 0.66875 0.17573221757322174 0.325
0 0.9539748953974896 0.715625 0.0899581589958159 0.2578125
0 0.13389121338912133 0.5640625 0.26778242677824265 0.2296875
0 0.4299163179916318 0.62578125 0.2301255230125523 0.4125
0 0.06485355648535565 0.5109375 0.1297071129707113 0.11875
0 0.8294979079497908 0.8203125 0.3410041841004184 0.359375
0 0.9435146443514645 0.5328125 0.11297071129707113 0.1203125
