0 0.321875 0.19895833333333332 0.0484375 0.2520833333333333
0 0.37109375 0.20625 0.0609375 0.2375
0 0.4125 0.20208333333333334 0.0625 0.22083333333333333
0 0.47734375 0.19375 0.078125 0.2375
0 0.828125 0.13020833333333334 0.0609375 0.23333333333333334
0 0.92421875 0.44166666666666665 0.1515625 0.39791666666666664
0 0.90546875 0.14375 0.0328125 0.08958333333333333
0 0.9 0.3489583333333333 0.165625 0.2520833333333333
0 0.93203125 0.171875 0.0453125 0.14166666666666666
0 0.76953125 0.11354166666666667 0.06875 0.15208333333333332
0 0.63671875 0.153125 0.0359375 0.07708333333333334
0 0.86796875 0.3729166666666667 0.175 0.36875
0 0.60625 0.16458333333333333 0.025 0.03333333333333333