0 0.6706666666666666 0.408 0.36533333333333334 0.384
0 0.392 0.491 0.44266666666666665 0.546
0 0.6946666666666667 0.26 0.09066666666666667 0.074
0 0.06133333333333333 0.396 0.12266666666666666 0.392
0 0.23333333333333334 0.336 0.10933333333333334 0.214
0 0.336 0.253 0.048 0.068
0 0.25466666666666665 0.273 0.07733333333333334 0.106
0 0.16133333333333333 0.319 0.072 0.146
0 0.5546666666666666 0.249 0.016 0.044
0 0.636 0.264 0.024 0.068
0 0.908 0.265 0.037333333333333336 0.062
0 0.13066666666666665 0.227 0.034666666666666665 0.028
0 0.35733333333333334 0.274 0.088 0.09