0 0.503125 0.6072916666666667 0.025 0.058333333333333334
0 0.66171875 0.48541666666666666 0.0125 0.03125
0 0.55625 0.475 0.0078125 0.025
0 0.88046875 0.4635416666666667 0.00625 0.029166666666666667
0 0.9125 0.665625 0.0359375 0.08333333333333333
0 0.9484375 0.6479166666666667 0.046875 0.1375
0 0.18515625 0.584375 0.009375 0.0375
0 0.98828125 0.6395833333333333 0.0234375 0.07916666666666666
0 0.97578125 0.6354166666666666 0.0140625 0.08333333333333333
0 0.89609375 0.4625 0.0078125 0.03125
0 0.025 0.5677083333333334 0.0046875 0.0125
0 0.56171875 0.475 0.00625 0.027083333333333334
