0 0.14 0.288981288981289 0.18222222222222223 0.4760914760914761
0 0.3188888888888889 0.22453222453222454 0.07555555555555556 0.3097713097713098
0 0.4122222222222222 0.21933471933471935 0.05555555555555555 0.1496881496881497
0 0.5944444444444444 0.22972972972972974 0.06222222222222222 0.17463617463617465
0 0.6388888888888888 0.22245322245322247 0.042222222222222223 0.1600831600831601
0 0.6933333333333334 0.2182952182952183 0.03333333333333333 0.09355509355509356
0 0.9222222222222223 0.17255717255717257 0.024444444444444446 0.02702702702702703
0 0.8155555555555556 0.22141372141372143 0.07555555555555556 0.16424116424116425
0 0.88 0.21621621621621623 0.02666666666666667 0.0997920997920998
0 0.5233333333333333 0.21725571725571727 0.042222222222222223 0.11850311850311851
0 0.76 0.2130977130977131 0.02666666666666667 0.08523908523908524
0 0.44666666666666666 0.20062370062370063 0.03333333333333333 0.060291060291060294
0 0.2688888888888889 0.2806652806652807 0.12 0.3659043659043659