0 0.50078125 0.12295081967213115 0.05 0.11943793911007025
0 0.44375 0.12295081967213115 0.0515625 0.1288056206088993
0 0.1109375 0.3009367681498829 0.0578125 0.07728337236533958
0 0.16484375 0.08548009367681499 0.0484375 0.07962529274004684
0 0.7984375 0.6252927400468384 0.2 0.37236533957845436
0 0.16171875 0.14754098360655737 0.05 0.1053864168618267
0 0.10859375 0.1405152224824356 0.0625 0.1288056206088993
0 0.0515625 0.1557377049180328 0.0625 0.10304449648711944
0 0.76640625 0.05503512880562061 0.0515625 0.10772833723653395
0 0.1953125 0.3044496487119438 0.0703125 0.07728337236533958
0 0.2921875 0.23770491803278687 0.0828125 0.18266978922716628
0 0.925 0.08430913348946135 0.0875 0.1686182669789227
0 0.06015625 0.08899297423887588 0.0625 0.10772833723653395