0 0.640625 0.5935251798561151 0.009375 0.045563549160671464
0 0.58203125 0.6834532374100719 0.0390625 0.1486810551558753
0 0.71875 0.6115107913669064 0.0140625 0.03836930455635491
0 0.671875 0.605515587529976 0.0125 0.05515587529976019
0 0.7015625 0.552757793764988 0.009375 0.026378896882494004
0 0.775 0.5995203836930456 0.0078125 0.04316546762589928
0 0.584375 0.5323741007194245 0.00625 0.014388489208633094
0 0.7453125 0.5275779376498801 0.0109375 0.026378896882494004
0 0.03828125 0.7793764988009593 0.0765625 0.4412470023980815
0 0.7671875 0.513189448441247 0.0078125 0.03357314148681055
0 0.80625 0.5047961630695443 0.0140625 0.03117505995203837
0 0.8515625 0.5 0.009375 0.0407673860911271
0 0.8015625 0.60431654676259 0.021875 0.026378896882494004