0 0.47578125 0.7739583333333333 0.0125 0.04375
0 0.49921875 0.7760416666666666 0.0078125 0.035416666666666666
0 0.51640625 0.7770833333333333 0.0140625 0.04583333333333333
0 0.5265625 0.7802083333333333 0.0109375 0.03958333333333333
0 0.42890625 0.775 0.0109375 0.041666666666666664
0 0.4453125 0.771875 0.0203125 0.05625
0 0.4875 0.778125 0.009375 0.04791666666666667
0 0.4625 0.7739583333333333 0.0140625 0.052083333333333336
0 0.50859375 0.78125 0.0078125 0.041666666666666664
0 0.371875 0.7708333333333334 0.009375 0.03333333333333333
0 0.3234375 0.7572916666666667 0.0078125 0.00625
0 0.6375 0.7583333333333333 0.0078125 0.016666666666666666