0 0.682 0.5097402597402597 0.062 0.1590909090909091
0 0.208 0.5308441558441559 0.018 0.07792207792207792
0 0.384 0.685064935064935 0.128 0.2597402597402597
0 0.575 0.5340909090909091 0.026 0.045454545454545456
0 0.242 0.5292207792207793 0.018 0.07467532467532467
0 0.161 0.5308441558441559 0.022 0.08116883116883117
0 0.498 0.35714285714285715 0.016 0.032467532467532464
0 0.287 0.49837662337662336 0.012 0.025974025974025976
0 0.585 0.3457792207792208 0.012 0.025974025974025976
0 0.968 0.5227272727272727 0.016 0.04220779220779221
0 0.662 0.38636363636363635 0.016 0.03571428571428571
0 0.511 0.3068181818181818 0.006 0.025974025974025976
0 0.616 0.5162337662337663 0.018 0.05844155844155844