0 0.81640625 0.5944444444444444 0.040625 0.2861111111111111
0 0.87265625 0.7 0.0609375 0.1388888888888889
0 0.928125 0.5666666666666667 0.040625 0.14722222222222223
0 0.36640625 0.4888888888888889 0.0203125 0.07222222222222222
0 0.2375 0.48333333333333334 0.0265625 0.05277777777777778
0 0.303125 0.48055555555555557 0.0328125 0.058333333333333334
0 0.88125 0.175 0.0109375 0.030555555555555555
0 0.834375 0.16944444444444445 0.0171875 0.030555555555555555
0 0.87421875 0.16666666666666666 0.0171875 0.04722222222222222
0 0.36796875 0.10833333333333334 0.0109375 0.041666666666666664
0 0.35859375 0.10972222222222222 0.0078125 0.03333333333333333
0 0.93359375 0.6875 0.053125 0.2972222222222222
0 0.89453125 0.175 0.0203125 0.03333333333333333
