0 0.54296875 0.4847417840375587 0.0984375 0.18779342723004694
0 0.46953125 0.3826291079812207 0.0609375 0.11032863849765258
0 0.35234375 0.5269953051643192 0.125 0.19718309859154928
0 0.27265625 0.7370892018779343 0.1015625 0.2699530516431925
0 0.059375 0.897887323943662 0.0359375 0.07042253521126761
0 0.071875 0.8838028169014085 0.025 0.08450704225352113
0 0.846875 0.6220657276995305 0.0171875 0.07981220657276995
0 0.0234375 0.9190140845070423 0.046875 0.1572769953051643
0 0.00859375 0.8661971830985915 0.0171875 0.1056338028169014
0 0.12265625 0.8591549295774648 0.0140625 0.03755868544600939
0 0.134375 0.8791079812206573 0.0265625 0.0539906103286385
0 0.10625 0.8884976525821596 0.0390625 0.07981220657276995