0 0.7304439746300211 0.2828125 0.09725158562367865 0.2140625
0 0.5221987315010571 0.3734375 0.4164904862579281 0.428125
0 0.6744186046511628 0.27421875 0.046511627906976744 0.15
0 0.02536997885835095 0.325 0.048625792811839326 0.175
0 0.06553911205073996 0.36796875 0.06976744186046512 0.0859375
0 0.9651162790697675 0.33828125 0.06976744186046512 0.19375
0 0.8181818181818182 0.31015625 0.11839323467230443 0.2453125
0 0.5972515856236786 0.22421875 0.07399577167019028 0.084375
0 0.6152219873150105 0.27421875 0.11205073995771671 0.18125
0 0.25052854122621565 0.296875 0.1839323467230444 0.2453125
0 0.6945031712473573 0.25703125 0.042283298097251586 0.125
