0 0.7423887587822015 0.37890625 0.5035128805620609 0.596875
0 0.2716627634660422 0.54140625 0.5292740046838408 0.9171875
0 0.382903981264637 0.36796875 0.2927400468384075 0.2703125
0 0.7377049180327869 0.35625 0.2154566744730679 0.25
0 0.6569086651053864 0.33671875 0.1756440281030445 0.2015625
0 0.20608899297423888 0.20078125 0.06557377049180328 0.1546875
0 0.5936768149882904 0.23125 0.07494145199063232 0.1609375
0 0.4215456674473068 0.22109375 0.11943793911007025 0.284375
0 0.6990632318501171 0.19375 0.0936768149882904 0.1609375
0 0.32201405152224827 0.14375 0.18501170960187355 0.225
0 0.36885245901639346 0.32265625 0.18501170960187355 0.1875
0 0.8161592505854801 0.13515625 0.05620608899297424 0.071875