0 0.81796875 0.8552083333333333 0.0640625 0.13958333333333334
0 0.0953125 0.80625 0.053125 0.10208333333333333
0 0.74453125 0.5989583333333334 0.034375 0.09375
0 0.1734375 0.8333333333333334 0.0546875 0.1125
0 0.0515625 0.42604166666666665 0.0265625 0.08333333333333333
0 0.09140625 0.39375 0.0234375 0.08958333333333333
0 0.58125 0.5520833333333334 0.0453125 0.09166666666666666
0 0.68203125 0.48854166666666665 0.015625 0.06041666666666667
0 0.9078125 0.5625 0.0296875 0.04791666666666667
0 0.07265625 0.49270833333333336 0.0375 0.09583333333333334
0 0.65234375 0.34479166666666666 0.0234375 0.03958333333333333
0 0.746875 0.365625 0.01875 0.05416666666666667
0 0.32109375 0.40520833333333334 0.0328125 0.04791666666666667
