0 0.5203125 0.8411214953271028 0.203125 0.3177570093457944
0 0.271875 0.7873831775700935 0.1484375 0.4252336448598131
0 0.4515625 0.7815420560747663 0.040625 0.09579439252336448
0 0.696875 0.8422897196261683 0.11875 0.31542056074766356
0 0.865625 0.8820093457943925 0.0625 0.2266355140186916
0 0.77578125 0.7441588785046729 0.0203125 0.06074766355140187
0 0.0453125 0.8691588785046729 0.0671875 0.2523364485981308
0 0.59453125 0.7757009345794392 0.059375 0.1191588785046729
0 0.11484375 0.8644859813084113 0.0625 0.27102803738317754
0 0.1734375 0.8691588785046729 0.071875 0.2616822429906542
0 0.778125 0.8422897196261683 0.078125 0.3107476635514019
0 0.35078125 0.889018691588785 0.04375 0.19626168224299065
0 0.001451146875 0.002008091121495327 0.0001036625 0.0006567172897196262
