0 0.684375 0.5657276995305164 0.6296875 0.8474178403755869
0 0.4421875 0.49061032863849763 0.0390625 0.1643192488262911
0 0.56796875 0.44835680751173707 0.071875 0.1596244131455399
0 0.2640625 0.4953051643192488 0.046875 0.25821596244131456
0 0.17734375 0.5035211267605634 0.0671875 0.2746478873239437
0 0.0796875 0.5234741784037559 0.059375 0.2676056338028169
0 0.03359375 0.4624413145539906 0.0546875 0.22535211267605634
0 0.1921875 0.3755868544600939 0.0265625 0.04929577464788732
0 0.40859375 0.4647887323943662 0.0359375 0.11267605633802817
0 0.13828125 0.42488262910798125 0.0375 0.18309859154929578
0 0.31640625 0.3955399061032864 0.0265625 0.09389671361502347
0 0.0609375 0.3732394366197183 0.05 0.13380281690140844
0 0.2140625 0.3967136150234742 0.0171875 0.028169014084507043