0 0.35234375 0.6391509433962265 0.0125 0.06367924528301887
0 0.30703125 0.6426886792452831 0.01875 0.07075471698113207
0 0.278125 0.6356132075471698 0.0171875 0.06367924528301887
0 0.2625 0.6438679245283019 0.021875 0.07075471698113207
0 0.2328125 0.6403301886792453 0.0140625 0.03773584905660377
0 0.22421875 0.6509433962264151 0.009375 0.0660377358490566
0 0.1796875 0.6391509433962265 0.0078125 0.04716981132075472
0 0.16640625 0.625 0.0125 0.02830188679245283
0 0.33515625 0.6415094339622641 0.0125 0.06132075471698113
0 0.20625 0.6403301886792453 0.0046875 0.06132075471698113
0 0.8828125 0.6415094339622641 0.0171875 0.07783018867924528
0 0.19375 0.6273584905660378 0.0109375 0.02830188679245283
0 0.934375 0.6320754716981132 0.0203125 0.09669811320754718