0 0.83203125 0.47183098591549294 0.13125 0.4671361502347418
0 0.2828125 0.6748826291079812 0.3765625 0.6502347417840375
0 0.38203125 0.25821596244131456 0.0328125 0.1056338028169014
0 0.325 0.26173708920187794 0.025 0.09624413145539906
0 0.13125 0.5387323943661971 0.259375 0.4812206572769953
0 0.47421875 0.2652582159624413 0.040625 0.09389671361502347
0 0.653125 0.29107981220657275 0.025 0.12441314553990611
0 0.57109375 0.2746478873239437 0.03125 0.09624413145539906
0 0.553125 0.26291079812206575 0.01875 0.08450704225352113
0 0.8640625 0.26291079812206575 0.0296875 0.09154929577464789
0 0.98046875 0.26173708920187794 0.0140625 0.07511737089201878
0 0.753125 0.2699530516431925 0.0328125 0.07276995305164319
0 0.69375 0.28169014084507044 0.015625 0.09154929577464789