0 0.66796875 0.8503937007874016 0.04375 0.17585301837270342
0 0.6953125 0.7493438320209974 0.0953125 0.15748031496062992
0 0.89375 0.7519685039370079 0.0796875 0.1784776902887139
0 0.915625 0.44881889763779526 0.078125 0.13385826771653545
0 0.3125 0.8451443569553806 0.0734375 0.16535433070866143
0 0.10859375 0.3438320209973753 0.053125 0.15223097112860892
0 0.046875 0.33858267716535434 0.0453125 0.11286089238845144
0 0.0734375 0.34908136482939633 0.0421875 0.07611548556430446
0 0.3796875 0.09317585301837271 0.0203125 0.03937007874015748
0 0.25078125 0.07086614173228346 0.01875 0.04461942257217848
0 0.45078125 0.18503937007874016 0.034375 0.09711286089238845
0 0.34140625 0.06561679790026247 0.015625 0.031496062992125984
0 0.42890625 0.06299212598425197 0.0171875 0.05511811023622047