0 0.83984375 0.8913551401869159 0.0203125 0.07242990654205607
0 0.7671875 0.9322429906542056 0.0234375 0.03271028037383177
0 0.76640625 0.9007009345794392 0.015625 0.04906542056074766
0 0.709375 0.9088785046728972 0.0171875 0.0794392523364486
0 0.63671875 0.9287383177570093 0.021875 0.0397196261682243
0 0.6453125 0.9170560747663551 0.0109375 0.02570093457943925
0 0.665625 0.9147196261682243 0.0125 0.04906542056074766
0 0.90859375 0.860981308411215 0.040625 0.12149532710280374
0 0.8234375 0.905373831775701 0.0140625 0.07009345794392523
0 0.95703125 0.8761682242990654 0.0171875 0.030373831775700934
