0 0.2203125 0.7938496583143508 0.3484375 0.4123006833712984
0 0.20078125 0.5842824601366743 0.1015625 0.14123006833712984
0 0.2578125 0.5284738041002278 0.0359375 0.07289293849658314
0 0.2359375 0.530751708428246 0.040625 0.05922551252847381
0 0.2734375 0.5148063781321185 0.0328125 0.0683371298405467
0 0.2859375 0.49658314350797267 0.0265625 0.05922551252847381
0 0.32265625 0.46924829157175396 0.0421875 0.06150341685649203
0 0.296875 0.479498861047836 0.01875 0.0387243735763098
0 0.3 0.47380410022779046 0.01875 0.03644646924829157
0 0.26953125 0.48519362186788156 0.0109375 0.02050113895216401
