0 0.6828125 0.7197916666666667 0.0953125 0.3875
0 0.76953125 0.7270833333333333 0.109375 0.41041666666666665
0 0.90546875 0.75 0.0890625 0.4166666666666667
0 0.85703125 0.690625 0.0484375 0.26666666666666666
0 0.809375 0.69375 0.0484375 0.32083333333333336
0 0.54375 0.609375 0.0203125 0.06458333333333334
0 0.61484375 0.61875 0.034375 0.13333333333333333
0 0.3953125 0.5958333333333333 0.0078125 0.03125
0 0.57421875 0.590625 0.0125 0.027083333333333334
0 0.8359375 0.603125 0.0125 0.022916666666666665
0 0.553125 0.60625 0.0109375 0.06458333333333334
