0 0.2296875 0.5697916666666667 0.1078125 0.2833333333333333
0 0.0609375 0.478125 0.040625 0.13125
0 0.515625 0.4708333333333333 0.0609375 0.09375
0 0.63671875 0.46979166666666666 0.0671875 0.08125
0 0.64453125 0.42291666666666666 0.034375 0.08958333333333333
0 0.72265625 0.46458333333333335 0.0546875 0.08125
0 0.69453125 0.465625 0.059375 0.07916666666666666
0 0.79609375 0.4666666666666667 0.0625 0.08125
0 0.821875 0.4395833333333333 0.0265625 0.04375
0 0.90703125 0.46041666666666664 0.0453125 0.0625
0 0.925 0.43333333333333335 0.0203125 0.025
0 0.7515625 0.4427083333333333 0.034375 0.0375
0 0.39296875 0.41041666666666665 0.015625 0.022916666666666665