0 0.7859375 0.7820224719101123 0.1125 0.1842696629213483
0 0.21875 0.5089887640449439 0.0984375 0.19550561797752808
0 0.38828125 0.5887640449438202 0.0640625 0.3348314606741573
0 0.765625 0.5438202247191011 0.0296875 0.12359550561797752
0 0.6859375 0.5730337078651685 0.0578125 0.31685393258426964
0 0.1609375 0.597752808988764 0.0546875 0.30337078651685395
0 0.29453125 0.5426966292134832 0.06875 0.4
0 0.45703125 0.4584269662921348 0.065625 0.08314606741573034
0 0.5015625 0.4606741573033708 0.05625 0.10112359550561797
0 0.71875 0.7202247191011236 0.1078125 0.14831460674157304
0 0.096875 0.8662921348314607 0.05 0.20449438202247192
0 0.04921875 0.8606741573033708 0.096875 0.27415730337078653
0 0.1078125 0.5955056179775281 0.0703125 0.30337078651685395