0 0.32109375 0.5714285714285714 0.4828125 0.7704918032786885
0 0.628125 0.4297423887587822 0.140625 0.4918032786885246
0 0.48125 0.32903981264637 0.09375 0.2388758782201405
0 0.86875 0.48009367681498827 0.1234375 0.3114754098360656
0 0.17578125 0.4894613583138173 0.1390625 0.3583138173302108
0 0.79921875 0.4672131147540984 0.115625 0.34660421545667447
0 0.43984375 0.47423887587822017 0.140625 0.3442622950819672
0 0.925 0.4613583138173302 0.115625 0.34192037470725994
0 0.17890625 0.3337236533957845 0.1328125 0.34660421545667447
0 0.08359375 0.36065573770491804 0.0421875 0.21311475409836064
0 0.75234375 0.4707259953161593 0.1765625 0.34660421545667447
0 0.36953125 0.4168618266978923 0.109375 0.2857142857142857
