0 0.36796875 0.7950819672131147 0.2140625 0.4098360655737705
0 0.4515625 0.5784543325526932 0.0828125 0.11943793911007025
0 0.18359375 0.6826697892271663 0.2296875 0.24121779859484777
0 0.73359375 0.8009367681498829 0.30625 0.3981264637002342
0 0.79375 0.6311475409836066 0.0859375 0.17330210772833723
0 0.909375 0.6276346604215457 0.14375 0.22716627634660422
0 0.7953125 0.5538641686182669 0.0703125 0.09836065573770492
0 0.6375 0.5281030444964872 0.046875 0.06557377049180328
0 0.62578125 0.6440281030444965 0.1 0.20140515222482436
0 0.71796875 0.5327868852459017 0.0328125 0.0702576112412178
0 0.6953125 0.5714285714285714 0.0671875 0.11241217798594848
0 0.94609375 0.9121779859484778 0.1078125 0.1756440281030445
0 0.66640625 0.5163934426229508 0.0359375 0.06557377049180328
