0 0.54453125 0.5885416666666666 0.0640625 0.09375
0 0.55625 0.66875 0.0859375 0.14583333333333334
0 0.653125 0.625 0.053125 0.12083333333333333
0 0.66953125 0.5635416666666667 0.046875 0.12291666666666666
0 0.98515625 0.6052083333333333 0.0296875 0.16041666666666668
0 0.825 0.5916666666666667 0.0640625 0.1375
0 0.58046875 0.590625 0.0359375 0.10208333333333333
0 0.90546875 0.5885416666666666 0.0875 0.10416666666666667
0 0.7453125 0.6302083333333334 0.0765625 0.12291666666666666
0 0.80625 0.6114583333333333 0.0421875 0.10416666666666667
0 0.5953125 0.534375 0.05625 0.09791666666666667
0 0.4125 0.5583333333333333 0.0421875 0.17083333333333334