0 0.34140625 0.5552083333333333 0.096875 0.26458333333333334
0 0.73671875 0.4510416666666667 0.0984375 0.42916666666666664
0 0.58671875 0.5833333333333334 0.459375 0.44583333333333336
0 0.1640625 0.5260416666666666 0.125 0.28541666666666665
0 0.0921875 0.41041666666666665 0.10625 0.46458333333333335
0 0.3609375 0.3260416666666667 0.1015625 0.29583333333333334
0 0.4265625 0.58125 0.246875 0.44375
0 0.9859375 0.3145833333333333 0.028125 0.2375
0 0.5875 0.37604166666666666 0.096875 0.46458333333333335
0 0.27265625 0.33958333333333335 0.103125 0.3645833333333333
0 0.46015625 0.3333333333333333 0.1 0.33125
0 0.25546875 0.5541666666666667 0.1203125 0.2625
