0 0.24296875 0.7005571030640668 0.0125 0.06685236768802229
0 0.390625 0.5403899721448467 0.0109375 0.05013927576601671
0 0.37265625 0.596100278551532 0.009375 0.05013927576601671
0 0.36484375 0.3384401114206128 0.009375 0.036211699164345405
0 0.375 0.3370473537604457 0.0125 0.04178272980501393
0 0.21015625 0.8272980501392758 0.009375 0.055710306406685235
0 0.37734375 0.7186629526462396 0.0109375 0.05013927576601671
0 0.43828125 0.019498607242339833 0.0078125 0.013927576601671309
0 0.33046875 0.4275766016713092 0.009375 0.04735376044568245
0 0.484375 0.05988857938718663 0.00625 0.03064066852367688
0 0.609375 0.055710306406685235 0.00625 0.016713091922005572