0 0.1796875 0.1413551401869159 0.0953125 0.20093457943925233
0 0.1203125 0.7394859813084113 0.240625 0.4252336448598131
0 0.4453125 0.5642523364485982 0.3859375 0.7780373831775701
0 0.47578125 0.13434579439252337 0.053125 0.19158878504672897
0 0.26328125 0.1413551401869159 0.1078125 0.19158878504672897
0 0.9203125 0.10747663551401869 0.0765625 0.18691588785046728
0 0.3703125 0.11799065420560748 0.1484375 0.23598130841121495
0 0.43359375 0.15070093457943926 0.1078125 0.1705607476635514
0 0.13515625 0.14602803738317757 0.0796875 0.1985981308411215
0 0.9515625 0.17873831775700935 0.0578125 0.053738317757009345
0 0.76171875 0.07009345794392523 0.040625 0.07476635514018691
0 0.04375 0.12266355140186916 0.084375 0.24532710280373832
0 0.6921875 0.1261682242990654 0.13125 0.17757009345794392
