0 0.56796875 0.6239583333333333 0.1875 0.20416666666666666
0 0.1734375 0.5614583333333333 0.103125 0.14791666666666667
0 0.3453125 0.45729166666666665 0.0515625 0.23541666666666666
0 0.4890625 0.5177083333333333 0.0640625 0.17083333333333334
0 0.70859375 0.6427083333333333 0.1171875 0.22916666666666666
0 0.4203125 0.4552083333333333 0.0125 0.03333333333333333
0 0.73984375 0.5489583333333333 0.0421875 0.06666666666666667
0 0.28984375 0.465625 0.0234375 0.029166666666666667
0 0.62890625 0.5510416666666667 0.040625 0.09791666666666667
0 0.28203125 0.446875 0.0125 0.016666666666666666
0 0.45 0.5791666666666667 0.05 0.14583333333333334
0 0.2609375 0.453125 0.0328125 0.07291666666666667
0 0.74140625 0.534375 0.0234375 0.058333333333333334
