0 0.78046875 0.4791666666666667 0.1875 0.71875
0 0.36875 0.3572916666666667 0.059375 0.25416666666666665
0 0.4484375 0.36770833333333336 0.0640625 0.2791666666666667
0 0.58828125 0.40520833333333334 0.1421875 0.3125
0 0.89375 0.215625 0.0671875 0.20833333333333334
0 0.715625 0.0625 0.053125 0.08541666666666667
0 0.68203125 0.059375 0.0359375 0.0875
0 0.40703125 0.09166666666666666 0.040625 0.06666666666666667
0 0.34140625 0.11458333333333333 0.021875 0.052083333333333336
0 0.7203125 0.23854166666666668 0.046875 0.09375
0 0.67734375 0.2552083333333333 0.0796875 0.11666666666666667
0 0.96953125 0.253125 0.0609375 0.14375
0 0.43046875 0.09375 0.0265625 0.04375