0 0.50234375 0.5943396226415094 0.29375 0.7924528301886793
0 0.5890625 0.3643867924528302 0.109375 0.13443396226415094
0 0.671875 0.3714622641509434 0.08125 0.11556603773584906
0 0.74453125 0.7252358490566038 0.1125 0.2971698113207547
0 0.89609375 0.7169811320754716 0.109375 0.28773584905660377
0 0.55546875 0.07429245283018868 0.1453125 0.14622641509433962
0 0.675 0.7676886792452831 0.1140625 0.20754716981132076
0 0.4859375 0.7193396226415094 0.1390625 0.3018867924528302
0 0.25703125 0.7606132075471698 0.053125 0.09198113207547169
0 0.07734375 0.6308962264150944 0.03125 0.04009433962264151
0 0.9640625 0.6757075471698113 0.071875 0.22877358490566038
