0 0.68515625 0.3665105386416862 0.021875 0.0585480093676815
0 0.48515625 0.4180327868852459 0.0625 0.2646370023419204
0 0.56796875 0.40398126463700235 0.0484375 0.22950819672131148
0 0.71171875 0.6042154566744731 0.159375 0.43559718969555034
0 0.75390625 0.38875878220140514 0.0484375 0.1451990632318501
0 0.53984375 0.2997658079625293 0.03125 0.10304449648711944
0 0.2546875 0.5035128805620609 0.24375 0.531615925058548
0 0.02890625 0.34660421545667447 0.0546875 0.29508196721311475
0 0.17890625 0.40046838407494145 0.046875 0.18969555035128804
0 0.40703125 0.32669789227166274 0.034375 0.13348946135831383
0 0.3296875 0.27634660421545665 0.0484375 0.13114754098360656
0 0.98515625 0.38524590163934425 0.025 0.06557377049180328
0 0.6546875 0.3185011709601874 0.0265625 0.1288056206088993