0 0.1109375 0.6444444444444445 0.06875 0.25
0 0.46328125 0.6222222222222222 0.1953125 0.5111111111111111
0 0.7015625 0.5333333333333333 0.0734375 0.3111111111111111
0 0.62578125 0.5291666666666667 0.0625 0.35
0 0.9109375 0.4361111111111111 0.059375 0.125
0 0.75703125 0.7222222222222222 0.096875 0.5472222222222223
0 0.8015625 0.5055555555555555 0.078125 0.35
0 0.1109375 0.7833333333333333 0.209375 0.43333333333333335
0 0.73359375 0.4375 0.0484375 0.1527777777777778
0 0.971875 0.37083333333333335 0.0515625 0.17777777777777778
