0 0.29375 0.29583333333333334 0.096875 0.29791666666666666
0 0.3609375 0.3458333333333333 0.040625 0.052083333333333336
0 0.48828125 0.45729166666666665 0.0828125 0.16041666666666668
0 0.753125 0.41041666666666665 0.065625 0.14166666666666666
0 0.965625 0.46458333333333335 0.06875 0.15833333333333333
0 0.0014749640625 0.0016157770833333332 0.0001750734375 0.00093276875
0 0.7171875 0.54375 0.115625 0.21666666666666667
0 0.48984375 0.56875 0.16875 0.24375
0 0.33125 0.603125 0.1359375 0.45416666666666666
0 0.2046875 0.5010416666666667 0.084375 0.3145833333333333
0 0.07421875 0.384375 0.140625 0.14791666666666667
