0 0.5613333333333334 0.431 0.072 0.112
0 0.44 0.251 0.029333333333333333 0.06
0 0.2693333333333333 0.261 0.05333333333333334 0.044
0 0.24133333333333334 0.252 0.029333333333333333 0.054
0 0.6733333333333333 0.238 0.021333333333333333 0.03
0 0.7866666666666666 0.233 0.032 0.056
0 0.9213333333333333 0.255 0.056 0.094
0 0.9853333333333333 0.271 0.029333333333333333 0.054
0 0.5533333333333333 0.233 0.029333333333333333 0.042
0 0.896 0.223 0.032 0.044
0 0.12533333333333332 0.258 0.037333333333333336 0.052
0 0.76 0.231 0.02666666666666667 0.054
0 0.624 0.228 0.021333333333333333 0.052