0 0.28984375 0.724824355971897 0.2078125 0.5269320843091335
0 0.8671875 0.6487119437939111 0.040625 0.1405152224824356
0 0.61484375 0.6381733021077284 0.3046875 0.6978922716627635
0 0.08203125 0.6932084309133489 0.0171875 0.07259953161592506
0 0.0234375 0.6861826697892272 0.0203125 0.08196721311475409
0 0.04921875 0.6885245901639344 0.0171875 0.07728337236533958
0 0.06796875 0.6920374707259953 0.0234375 0.08196721311475409
0 0.0375 0.6838407494145199 0.0140625 0.04449648711943794
0 0.13359375 0.6885245901639344 0.0078125 0.03044496487119438
0 0.19375 0.7482435597189696 0.1390625 0.04449648711943794
0 0.184375 0.6814988290398126 0.0078125 0.03747072599531616
0 0.8234375 0.6744730679156908 0.03125 0.07728337236533958
0 0.91328125 0.6791569086651054 0.0359375 0.0585480093676815