0 0.759375 0.604602510460251 0.1890625 0.5209205020920502
0 0.4984375 0.5 0.1375 0.3305439330543933
0 0.8953125 0.4110878661087866 0.046875 0.06903765690376569
0 0.8703125 0.41422594142259417 0.0203125 0.03765690376569038
0 0.19609375 0.46443514644351463 0.0296875 0.14225941422594143
0 0.159375 0.4686192468619247 0.0484375 0.15481171548117154
0 0.415625 0.8023012552301255 0.2796875 0.36610878661087864
0 0.51875 0.4905857740585774 0.0265625 0.13389121338912133
0 0.68203125 0.3064853556485356 0.0140625 0.02510460251046025
0 0.70390625 0.44142259414225943 0.0421875 0.0794979079497908
0 0.66875 0.4445606694560669 0.0359375 0.08368200836820083
0 0.0640625 0.41841004184100417 0.0265625 0.07112970711297072
0 0.60546875 0.4100418410041841 0.0421875 0.06694560669456066