0 0.3171875 0.7570422535211268 0.078125 0.2300469483568075
0 0.29921875 0.6514084507042254 0.0234375 0.04929577464788732
0 0.11328125 0.7359154929577465 0.05625 0.16901408450704225
0 0.04375 0.7300469483568075 0.03125 0.20892018779342722
0 0.13359375 0.7077464788732394 0.0390625 0.18309859154929578
0 0.20234375 0.7347417840375586 0.046875 0.18544600938967137
0 0.22890625 0.7300469483568075 0.0265625 0.17136150234741784
0 0.26484375 0.7183098591549296 0.03125 0.17136150234741784
0 0.36875 0.6443661971830986 0.0234375 0.07981220657276995
0 0.39375 0.7617370892018779 0.05 0.22300469483568075
0 0.434375 0.676056338028169 0.0453125 0.1267605633802817
0 0.084375 0.721830985915493 0.0328125 0.1807511737089202
0 0.62890625 0.7077464788732394 0.0265625 0.03755868544600939
