0 0.28046875 0.4238875878220141 0.115625 0.3793911007025761
0 0.20546875 0.629976580796253 0.3234375 0.7072599531615925
0 0.446875 0.5889929742388759 0.165625 0.6159250585480094
0 0.3921875 0.3875878220140515 0.0609375 0.28805620608899296
0 0.5578125 0.41920374707259955 0.1046875 0.3395784543325527
0 0.68828125 0.31733021077283374 0.0875 0.16393442622950818
0 0.8359375 0.617096018735363 0.215625 0.765807962529274
0 0.68359375 0.5398126463700235 0.146875 0.4262295081967213
0 0.91953125 0.4484777517564403 0.0890625 0.3231850117096019
0 0.64765625 0.4918032786885246 0.134375 0.4215456674473068
0 0.32578125 0.4332552693208431 0.046875 0.31381733021077285
0 0.0390625 0.3981264637002342 0.0625 0.25995316159250587
0 0.48359375 0.3395784543325527 0.0484375 0.13114754098360656