0 0.54765625 0.7009029345372461 0.05625 0.15124153498871332
0 0.7375 0.7133182844243793 0.05 0.05417607223476298
0 0.94140625 0.7031602708803611 0.021875 0.04966139954853273
0 0.9328125 0.6523702031602708 0.034375 0.033860045146726865
0 0.73515625 0.6523702031602708 0.0171875 0.029345372460496615
0 0.7671875 0.6523702031602708 0.0125 0.02708803611738149
0 0.64765625 0.6467268623024831 0.00625 0.011286681715575621
0 0.428125 0.664785553047404 0.009375 0.013544018058690745
0 0.34921875 0.6557562076749436 0.0078125 0.011286681715575621
0 0.521875 0.6602708803611738 0.0125 0.01580135440180587
0 0.971875 0.6772009029345373 0.028125 0.01580135440180587
0 0.53515625 0.6568848758465011 0.0109375 0.022573363431151242
