0 0.4408352668213457 0.47421875 0.6264501160092807 0.778125
0 0.46867749419953597 0.05234375 0.030162412993039442 0.0765625
0 0.9396751740139211 0.2140625 0.09976798143851508 0.24375
0 0.8561484918793504 0.1953125 0.09744779582366589 0.0859375
0 0.8665893271461717 0.03828125 0.04176334106728538 0.0546875
0 0.771461716937355 0.03515625 0.027842227378190254 0.053125
0 0.728538283062645 0.03671875 0.03248259860788863 0.0578125
0 0.7459396751740139 0.03828125 0.03248259860788863 0.0609375
0 0.8317865429234339 0.03828125 0.03480278422273782 0.0515625
0 0.951276102088167 0.1171875 0.06960556844547564 0.1359375
0 0.691415313225058 0.04609375 0.04408352668213457 0.0625