0 0.51328125 0.2535377358490566 0.196875 0.3867924528301887
0 0.25 0.5058962264150944 0.4265625 0.589622641509434
0 0.240625 0.4964622641509434 0.3359375 0.7594339622641509
0 0.1046875 0.30542452830188677 0.146875 0.6108490566037735
0 0.2109375 0.16627358490566038 0.14375 0.3231132075471698
0 0.678125 0.21816037735849056 0.16875 0.4363207547169811
0 0.001416565625 0.0005975778301886793 0.0002918703125 0.0011792452830188679
0 0.73203125 0.5766509433962265 0.3890625 0.6037735849056604
0 0.5734375 0.1544811320754717 0.1328125 0.3089622641509434
0 0.41796875 0.11910377358490566 0.175 0.22877358490566038
0 0.84921875 0.12971698113207547 0.171875 0.25943396226415094