0 0.72734375 0.5083507306889353 0.0375 0.12943632567849686
0 0.440625 0.38517745302713985 0.0328125 0.11691022964509394
0 0.07109375 0.33716075156576203 0.0390625 0.11482254697286012
0 0.78515625 0.3903966597077244 0.03125 0.11899791231732777
0 0.85625 0.6910229645093946 0.0578125 0.12943632567849686
0 0.6640625 0.3079331941544885 0.0234375 0.09812108559498957
0 0.5265625 0.2985386221294363 0.0296875 0.10438413361169102
0 0.9328125 0.2536534446764092 0.01875 0.06471816283924843
0 0.6890625 0.4112734864300626 0.034375 0.12317327766179541
0 0.6859375 0.24947807933194155 0.034375 0.09603340292275574
0 0.4140625 0.22129436325678498 0.0265625 0.0709812108559499
0 0.728125 0.2954070981210856 0.021875 0.10020876826722339
