0 0.234 0.5773333333333334 0.248 0.8186666666666667
0 0.384 0.6306666666666667 0.274 0.7386666666666667
0 0.587 0.672 0.048 0.184
0 0.773 0.616 0.038 0.10133333333333333
0 0.815 0.6306666666666667 0.042 0.14133333333333334
0 0.885 0.592 0.066 0.14933333333333335
0 0.938 0.5826666666666667 0.06 0.16
0 0.551 0.704 0.04 0.12533333333333332
0 0.689 0.6293333333333333 0.038 0.144
0 0.75 0.644 0.034 0.104
0 0.755 0.668 0.116 0.10933333333333334
0 0.662 0.64 0.02 0.06933333333333333
0 0.108 0.7066666666666667 0.132 0.5866666666666667
