0 0.193 0.9366812227074236 0.05 0.12663755458515283
0 0.343 0.8558951965065502 0.022 0.039301310043668124
0 0.573 0.8438864628820961 0.026 0.034934497816593885
0 0.321 0.861353711790393 0.024 0.028384279475982533
0 0.283 0.9082969432314411 0.034 0.08733624454148471
0 0.543 0.8482532751091703 0.02 0.03056768558951965
0 0.774 0.8504366812227074 0.02 0.024017467248908297
0 0.741 0.8504366812227074 0.026 0.028384279475982533
0 0.709 0.8471615720524017 0.012 0.010917030567685589
0 0.667 0.8471615720524017 0.014 0.017467248908296942
0 0.684 0.8537117903930131 0.012 0.024017467248908297
0 0.639 0.8624454148471615 0.046 0.08078602620087336
0 0.578 0.9246724890829694 0.046 0.12445414847161572