0 0.667 0.226890756302521 0.08 0.08123249299719888
0 0.502 0.18627450980392157 0.078 0.1400560224089636
0 0.807 0.18627450980392157 0.072 0.13445378151260504
0 0.742 0.211484593837535 0.094 0.12885154061624648
0 0.925 0.22969187675070027 0.084 0.1092436974789916
0 0.268 0.1792717086834734 0.112 0.12885154061624648
0 0.589 0.226890756302521 0.056 0.0700280112044818
0 0.887 0.18627450980392157 0.06 0.14565826330532214
0 0.3 0.5154061624649859 0.504 0.6302521008403361
0 0.432 0.1638655462184874 0.068 0.09523809523809523
0 0.585 0.16526610644257703 0.034 0.0392156862745098
0 0.841 0.23949579831932774 0.086 0.0784313725490196
0 0.347 0.16666666666666666 0.098 0.1568627450980392