0 0.45078125 0.20919881305637983 0.05625 0.12759643916913946
0 0.30234375 0.17804154302670624 0.059375 0.13353115727002968
0 0.6109375 0.12314540059347182 0.04375 0.1543026706231454
0 0.84921875 0.6810089020771514 0.109375 0.34124629080118696
0 0.46484375 0.6364985163204748 0.2125 0.42729970326409494
0 0.2234375 0.5311572700296736 0.0828125 0.40059347181008903
0 0.31953125 0.5578635014836796 0.1015625 0.3590504451038576
0 0.2609375 0.2744807121661721 0.0328125 0.11869436201780416
0 0.2921875 0.3323442136498516 0.0609375 0.19881305637982197
0 0.3515625 0.3516320474777448 0.0578125 0.18397626112759644
0 0.40390625 0.3353115727002967 0.0453125 0.17210682492581603
0 0.5078125 0.08605341246290801 0.04375 0.142433234421365
0 0.4546875 0.35014836795252224 0.0546875 0.1661721068249258
