0 0.351288056206089 0.76953125 0.21779859484777517 0.4609375
0 0.14285714285714285 0.77734375 0.2857142857142857 0.4453125
0 0.775175644028103 0.59609375 0.05152224824355972 0.0953125
0 0.6252927400468384 0.58984375 0.04449648711943794 0.0890625
0 0.6873536299765808 0.59296875 0.05620608899297424 0.090625
0 0.18969555035128804 0.56171875 0.0234192037470726 0.021875
0 0.8934426229508197 0.5890625 0.0468384074941452 0.084375
0 0.832552693208431 0.59921875 0.04918032786885246 0.090625
0 0.48711943793911006 0.565625 0.0234192037470726 0.0328125
0 0.6639344262295082 0.56328125 0.0234192037470726 0.0171875
0 0.05620608899297424 0.56953125 0.03278688524590164 0.0421875
0 0.07377049180327869 0.565625 0.01873536299765808 0.0421875
0 0.46604215456674475 0.56640625 0.02576112412177986 0.03125
