0 0.6239583333333333 0.79140625 0.1875 0.3453125
0 0.5541666666666667 0.8734375 0.025 0.021875
0 0.440625 0.88046875 0.014583333333333334 0.0203125
0 0.9875 0.834375 0.016666666666666666 0.0265625
0 0.7552083333333334 0.85234375 0.008333333333333333 0.0203125
0 0.7770833333333333 0.853125 0.010416666666666666 0.0171875
0 0.7979166666666667 0.85078125 0.014583333333333334 0.0203125
0 0.9645833333333333 0.84140625 0.010416666666666666 0.0125
0 0.1375 0.88984375 0.010416666666666666 0.0140625
0 0.45 0.88203125 0.008333333333333333 0.015625
0 0.8989583333333333 0.84296875 0.008333333333333333 0.0140625
0 0.08020833333333334 0.8953125 0.0125 0.009375