0 0.77734375 0.5586854460093896 0.109375 0.4014084507042254
0 0.684375 0.5117370892018779 0.090625 0.24178403755868544
0 0.625 0.43661971830985913 0.0375 0.14084507042253522
0 0.5234375 0.4612676056338028 0.0390625 0.20187793427230047
0 0.4640625 0.5950704225352113 0.0984375 0.5234741784037559
0 0.83359375 0.4471830985915493 0.034375 0.13849765258215962
0 0.72734375 0.426056338028169 0.0375 0.09389671361502347
0 0.26328125 0.42488262910798125 0.0875 0.17136150234741784
0 0.19296875 0.6408450704225352 0.3859375 0.7183098591549296
0 0.3578125 0.5751173708920188 0.115625 0.4812206572769953
0 0.5078125 0.545774647887324 0.04375 0.3685446009389671
0 0.71171875 0.392018779342723 0.01875 0.06338028169014084
0 0.55859375 0.4213615023474178 0.0296875 0.09624413145539906
