0 0.30078125 0.4466950959488273 0.178125 0.5031982942430704
0 0.83515625 0.3006396588486141 0.16875 0.21535181236673773
0 0.6828125 0.30597014925373134 0.146875 0.1791044776119403
0 0.8015625 0.16204690831556504 0.05 0.1513859275053305
0 0.7390625 0.17270788912579957 0.05 0.21321961620469082
0 0.65625 0.07889125799573561 0.0265625 0.04904051172707889
0 0.4984375 0.16844349680170576 0.0484375 0.24093816631130063
0 0.6453125 0.14712153518123666 0.0359375 0.16204690831556504
0 0.81171875 0.10980810234541578 0.04375 0.08315565031982942
0 0.83125 0.12153518123667377 0.046875 0.15991471215351813
0 0.95625 0.2878464818763326 0.053125 0.18976545842217485
0 0.89609375 0.2622601279317697 0.0546875 0.2025586353944563
0 0.85703125 0.21535181236673773 0.040625 0.16417910447761194
