0 0.5109375 0.5610328638497653 0.228125 0.8450704225352113
0 0.13359375 0.5610328638497653 0.1328125 0.6455399061032864
0 0.615625 0.4424882629107981 0.109375 0.45539906103286387
0 0.32578125 0.4014084507042254 0.01875 0.08215962441314555
0 0.403125 0.36502347417840375 0.01875 0.023474178403755867
0 0.87109375 0.20539906103286384 0.0171875 0.035211267605633804
0 0.41171875 0.5352112676056338 0.1328125 0.5023474178403756
0 0.8625 0.20657276995305165 0.009375 0.03051643192488263
0 0.68984375 0.4084507042253521 0.1015625 0.352112676056338
0 0.38359375 0.3884976525821596 0.0140625 0.07042253521126761
