0 0.9390625 0.3345070422535211 0.0984375 0.2112676056338028
0 0.7125 0.24647887323943662 0.1828125 0.33098591549295775
0 0.08359375 0.5211267605633803 0.1671875 0.44366197183098594
0 0.18203125 0.47300469483568075 0.125 0.42488262910798125
0 0.50859375 0.16666666666666666 0.0328125 0.08450704225352113
0 0.36015625 0.45539906103286387 0.2484375 0.7206572769953051
0 0.77109375 0.5551643192488263 0.4578125 0.8685446009389671
0 0.115625 0.31338028169014087 0.08125 0.19483568075117372
0 0.153125 0.22652582159624413 0.0390625 0.0892018779342723
0 0.2078125 0.2711267605633803 0.078125 0.11032863849765258
0 0.88203125 0.20892018779342722 0.084375 0.2511737089201878
0 0.2359375 0.21948356807511737 0.059375 0.09624413145539906
0 0.5328125 0.21713615023474178 0.0578125 0.16901408450704225