0 0.478125 0.48854166666666665 0.0765625 0.23541666666666666
0 0.50078125 0.41770833333333335 0.025 0.04791666666666667
0 0.325 0.5427083333333333 0.0375 0.14791666666666667
0 0.13515625 0.509375 0.0421875 0.11666666666666667
0 0.278125 0.5291666666666667 0.0265625 0.1
0 0.44140625 0.43854166666666666 0.05625 0.09583333333333334
0 0.546875 0.4552083333333333 0.0828125 0.17291666666666666
0 0.73359375 0.5854166666666667 0.0703125 0.1125
0 0.4265625 0.4427083333333333 0.0390625 0.075
0 0.778125 0.5833333333333334 0.0359375 0.12083333333333333
0 0.384375 0.5447916666666667 0.028125 0.14166666666666666
