0 0.67109375 0.5302083333333333 0.1515625 0.5104166666666666
0 0.6625 0.6770833333333334 0.1765625 0.38958333333333334
0 0.0359375 0.5166666666666667 0.071875 0.5979166666666667
0 0.153125 0.5875 0.0234375 0.08333333333333333
0 0.10703125 0.5875 0.0171875 0.041666666666666664
0 0.0640625 0.6395833333333333 0.0359375 0.09791666666666667
0 0.13515625 0.590625 0.0265625 0.05416666666666667
0 0.5875 0.5927083333333333 0.0453125 0.2125
0 0.5171875 0.634375 0.028125 0.20416666666666666
0 0.890625 0.6052083333333333 0.1109375 0.33541666666666664
0 0.46328125 0.521875 0.1359375 0.6791666666666667
0 0.309375 0.5135416666666667 0.2171875 0.7208333333333333
0 0.9734375 0.5916666666666667 0.0296875 0.10416666666666667