0 0.43515625 0.5105386416861827 0.059375 0.20608899297423888
0 0.21953125 0.41451990632318503 0.0296875 0.09836065573770492
0 0.9734375 0.04449648711943794 0.01875 0.02576112412177986
0 0.74296875 0.03161592505854801 0.0171875 0.0351288056206089
0 0.70625 0.0585480093676815 0.028125 0.07728337236533958
0 0.68515625 0.059718969555035126 0.0171875 0.07728337236533958
0 0.309375 0.04449648711943794 0.01875 0.03044496487119438
0 0.58515625 0.06557377049180328 0.021875 0.06557377049180328
0 0.29140625 0.04332552693208431 0.01875 0.02810304449648712
0 0.72890625 0.05737704918032787 0.028125 0.08196721311475409
0 0.23828125 0.07845433255269321 0.0140625 0.06791569086651054
0 0.49375 0.059718969555035126 0.0140625 0.0702576112412178
0 0.1875 0.07728337236533958 0.0203125 0.07962529274004684
