0 0.6671875 0.8760416666666667 0.046875 0.16041666666666668
0 0.5828125 0.8708333333333333 0.04375 0.15625
0 0.17578125 0.646875 0.0296875 0.09791666666666667
0 0.6546875 0.7322916666666667 0.0375 0.10833333333333334
0 0.06015625 0.703125 0.05625 0.05416666666666667
0 0.215625 0.6395833333333333 0.0125 0.07708333333333334
0 0.228125 0.646875 0.015625 0.10416666666666667
0 0.153125 0.6635416666666667 0.0359375 0.10833333333333334
0 0.61328125 0.7375 0.0359375 0.10833333333333334
0 0.1078125 0.6989583333333333 0.025 0.04791666666666667
0 0.1921875 0.6322916666666667 0.0140625 0.029166666666666667
