0 0.24174174174174173 0.444 0.14114114114114115 0.218
0 0.5375375375375375 0.554 0.5795795795795796 0.7
0 0.8648648648648649 0.339 0.04804804804804805 0.054
0 0.15615615615615616 0.419 0.057057057057057055 0.128
0 0.04054054054054054 0.343 0.07507507507507508 0.088
0 0.7327327327327328 0.456 0.06306306306306306 0.136
0 0.6831831831831832 0.445 0.06306306306306306 0.152
0 0.7192192192192193 0.426 0.06306306306306306 0.136
0 0.9534534534534534 0.344 0.04804804804804805 0.05
0 0.9174174174174174 0.436 0.0960960960960961 0.122
0 0.36486486486486486 0.432 0.07507507507507508 0.114
0 0.3078078078078078 0.432 0.024024024024024024 0.076