0 0.32265625 0.6988636363636364 0.06875 0.19318181818181818
0 0.18203125 0.7159090909090909 0.01875 0.08409090909090909
0 0.11328125 0.7102272727272727 0.034375 0.12954545454545455
0 0.2234375 0.7113636363636363 0.0625 0.17272727272727273
0 0.01796875 0.7147727272727272 0.0359375 0.18181818181818182
0 0.12890625 0.7090909090909091 0.0234375 0.1318181818181818
0 0.36484375 0.5568181818181818 0.0140625 0.06363636363636363
0 0.340625 0.5568181818181818 0.0140625 0.06136363636363636
0 0.31171875 0.5852272727272727 0.025 0.05909090909090909
0 0.56953125 0.5545454545454546 0.0140625 0.04772727272727273
0 0.4890625 0.5772727272727273 0.021875 0.06136363636363636
0 0.2765625 0.6011363636363637 0.0171875 0.02727272727272727
0 0.684375 0.5977272727272728 0.0140625 0.03636363636363636
