0 0.59765625 0.4743150684931507 0.021875 0.09931506849315068
0 0.2234375 0.4726027397260274 0.0515625 0.11643835616438356
0 0.3921875 0.488013698630137 0.0453125 0.1095890410958904
0 0.51171875 0.4777397260273973 0.034375 0.09931506849315068
0 0.45 0.4743150684931507 0.0140625 0.04452054794520548
0 0.48046875 0.4657534246575342 0.028125 0.09931506849315068
0 0.6546875 0.4743150684931507 0.025 0.06506849315068493
0 0.58125 0.4794520547945205 0.0140625 0.05821917808219178
0 0.42890625 0.4777397260273973 0.025 0.05821917808219178
0 0.4390625 0.4623287671232877 0.0109375 0.0410958904109589
0 0.940625 0.5188356164383562 0.03125 0.14726027397260275
0 0.7671875 0.4828767123287671 0.0109375 0.0410958904109589
0 0.01015625 0.5565068493150684 0.01875 0.1917808219178082
