0 0.0828125 0.5595794392523364 0.03125 0.1378504672897196
0 0.17890625 0.5560747663551402 0.03125 0.11214953271028037
0 0.59375 0.4894859813084112 0.00625 0.030373831775700934
0 0.63359375 0.4848130841121495 0.00625 0.018691588785046728
0 0.66328125 0.477803738317757 0.0140625 0.04672897196261682
0 0.73984375 0.48598130841121495 0.0109375 0.04906542056074766
0 0.540625 0.5035046728971962 0.009375 0.035046728971962614
0 0.6015625 0.4883177570093458 0.00625 0.028037383177570093
0 0.675 0.4742990654205608 0.00625 0.02102803738317757
0 0.68203125 0.4719626168224299 0.00625 0.018691588785046728
0 0.28984375 0.5327102803738317 0.015625 0.0630841121495327
0 0.61640625 0.4848130841121495 0.0046875 0.02570093457943925
0 0.6984375 0.4976635514018692 0.00625 0.016355140186915886
