0 0.822 0.8290229885057471 0.012 0.022988505747126436
0 0.812 0.8462643678160919 0.018 0.020114942528735632
0 0.967 0.8275862068965517 0.012 0.05172413793103448
0 0.99 0.8261494252873564 0.02 0.06321839080459771
0 0.852 0.8520114942528736 0.026 0.0603448275862069
0 0.919 0.8103448275862069 0.018 0.04310344827586207
0 0.792 0.8376436781609196 0.012 0.034482758620689655
0 0.664 0.8390804597701149 0.008 0.040229885057471264
0 0.756 0.8362068965517241 0.008 0.040229885057471264
0 0.708 0.8419540229885057 0.01 0.03735632183908046
0 0.762 0.8376436781609196 0.006 0.031609195402298854
0 0.326 0.8520114942528736 0.014 0.020114942528735632
0 0.677 0.8477011494252874 0.012 0.02586206896551724