0 0.9666666666666667 0.65078125 0.06666666666666667 0.115625
0 0.95625 0.64609375 0.08333333333333333 0.1109375
0 0.27291666666666664 0.54765625 0.08333333333333333 0.075
0 0.440625 0.50625 0.06666666666666667 0.04375
0 0.5208333333333334 0.53671875 0.11666666666666667 0.1828125
0 0.3229166666666667 0.63984375 0.33125 0.071875
0 0.2708333333333333 0.4796875 0.041666666666666664 0.0546875
0 0.11145833333333334 0.6109375 0.21041666666666667 0.1234375
0 0.4479166666666667 0.5859375 0.18333333333333332 0.05
0 0.75625 0.56171875 0.15625 0.215625
0 0.14270833333333333 0.5140625 0.07708333333333334 0.05
