0 0.44453125 0.51875 0.4078125 0.66875
0 0.27890625 0.315625 0.184375 0.32708333333333334
0 0.153125 0.6302083333333334 0.3 0.7354166666666667
0 0.640625 0.27395833333333336 0.1359375 0.26666666666666666
0 0.91640625 0.5552083333333333 0.1671875 0.8854166666666666
0 0.1765625 0.26458333333333334 0.353125 0.39375
0 0.52109375 0.32708333333333334 0.0359375 0.08541666666666667
0 0.88515625 0.2916666666666667 0.1390625 0.18125
0 0.965625 0.23541666666666666 0.0390625 0.12916666666666668
0 0.57734375 0.2989583333333333 0.08125 0.15
0 0.72265625 0.559375 0.3 0.85