0 0.43592436974789917 0.52578125 0.5777310924369747 0.5734375
0 0.7531512605042017 0.3578125 0.18907563025210083 0.3265625
0 0.6302521008403361 0.03046875 0.09453781512605042 0.0609375
0 0.7678571428571429 0.034375 0.07983193277310924 0.05625
0 0.48214285714285715 0.03046875 0.12184873949579832 0.0609375
0 0.5525210084033614 0.0296875 0.0861344537815126 0.059375
0 0.6817226890756303 0.0328125 0.10504201680672269 0.059375
0 0.2920168067226891 0.02890625 0.07142857142857142 0.0578125
0 0.14705882352941177 0.02890625 0.06092436974789916 0.0578125
0 0.5661764705882353 0.45859375 0.046218487394957986 0.0234375
0 0.13025210084033614 0.39453125 0.09873949579831932 0.1703125
0 0.4170168067226891 0.03515625 0.22058823529411764 0.0703125
0 0.07142857142857142 0.02734375 0.11134453781512606 0.0515625