0 0.5305676855895196 0.65078125 0.3384279475982533 0.671875
0 0.20851528384279475 0.76015625 0.3558951965065502 0.4796875
0 0.1168122270742358 0.775 0.17685589519650655 0.425
0 0.7543668122270742 0.75546875 0.17248908296943233 0.3671875
0 0.8165938864628821 0.73125 0.20087336244541484 0.496875
0 0.5829694323144105 0.5921875 0.03711790393013101 0.034375
0 0.6561135371179039 0.63671875 0.07641921397379912 0.08125
0 0.6943231441048034 0.61484375 0.05021834061135371 0.059375
0 0.6080786026200873 0.7484375 0.13755458515283842 0.290625
0 0.8056768558951966 0.56171875 0.06550218340611354 0.05625
0 0.6168122270742358 0.6015625 0.034934497816593885 0.065625
0 0.9497816593886463 0.6359375 0.10043668122270742 0.284375