0 0.05546875 0.413265306122449 0.1109375 0.3489795918367347
0 0.60859375 0.35408163265306125 0.0734375 0.15714285714285714
0 0.54296875 0.3816326530612245 0.0578125 0.13877551020408163
0 0.65625 0.34183673469387754 0.0421875 0.14285714285714285
0 0.83359375 0.2530612244897959 0.0578125 0.08775510204081632
0 0.70625 0.3622448979591837 0.0484375 0.07959183673469387
0 0.3640625 0.37755102040816324 0.04375 0.07959183673469387
0 0.68359375 0.35918367346938773 0.028125 0.08979591836734693
0 0.73671875 0.3438775510204082 0.01875 0.0653061224489796
0 0.575 0.3846938775510204 0.015625 0.09183673469387756
0 0.01484375 0.463265306122449 0.0296875 0.19795918367346937