0 0.5625 0.6479166666666667 0.24375 0.6770833333333334
0 0.4359375 0.496875 0.0484375 0.18333333333333332
0 0.4671875 0.46145833333333336 0.034375 0.13125
0 0.34453125 0.40625 0.025 0.0625
0 0.26484375 0.396875 0.0109375 0.058333333333333334
0 0.0875 0.40729166666666666 0.0359375 0.10416666666666667
0 0.125 0.415625 0.0359375 0.1125
0 0.8390625 0.6583333333333333 0.16875 0.45416666666666666
0 0.2546875 0.425 0.028125 0.10416666666666667
0 0.44921875 0.41354166666666664 0.0109375 0.025
0 0.2265625 0.3958333333333333 0.0109375 0.03333333333333333
0 0.28046875 0.4197916666666667 0.0234375 0.075
0 0.14765625 0.3927083333333333 0.0125 0.07916666666666666