0 0.615625 0.5125 0.1109375 0.43125
0 0.49765625 0.50625 0.1609375 0.39791666666666664
0 0.34375 0.39166666666666666 0.0109375 0.027083333333333334
0 0.440625 0.48854166666666665 0.0609375 0.36875
0 0.35234375 0.38958333333333334 0.0125 0.03125
0 0.36875 0.39166666666666666 0.0140625 0.03125
0 0.05390625 0.45416666666666666 0.1078125 0.2791666666666667
0 0.23671875 0.421875 0.1703125 0.3416666666666667
0 0.39375 0.38645833333333335 0.0078125 0.035416666666666666
0 0.16640625 0.39895833333333336 0.0109375 0.020833333333333332
0 0.15390625 0.3958333333333333 0.0109375 0.020833333333333332
0 0.29765625 0.39375 0.0125 0.01875
