0 0.1657986111111111 0.50390625 0.09895833333333333 0.15625
0 0.2421875 0.4986979166666667 0.13541666666666666 0.4453125
0 0.3185763888888889 0.4817708333333333 0.07118055555555555 0.4036458333333333
0 0.3888888888888889 0.41015625 0.08506944444444445 0.3828125
0 0.46875 0.2799479166666667 0.08506944444444445 0.078125
0 0.7022569444444444 0.4466145833333333 0.109375 0.421875
0 0.8203125 0.28125 0.05555555555555555 0.125
0 0.765625 0.39453125 0.057291666666666664 0.3411458333333333
0 0.4314236111111111 0.4973958333333333 0.1076388888888889 0.40625
0 0.8272569444444444 0.4921875 0.140625 0.421875
