0 0.37890625 0.5028790786948176 0.2921875 0.9136276391554703
0 0.67421875 0.5460652591170825 0.3203125 0.8541266794625719
0 0.97890625 0.1257197696737044 0.0421875 0.1017274472168906
0 0.88046875 0.09884836852207293 0.115625 0.15355086372360843
0 0.884375 0.7783109404990403 0.1765625 0.2783109404990403
0 0.74609375 0.08061420345489444 0.2046875 0.16122840690978887
0 0.18984375 0.5758157389635317 0.11875 0.5508637236084453
0 0.12265625 0.5748560460652591 0.11875 0.5316698656429942
0 0.90703125 0.5863723608445297 0.1859375 0.4145873320537428
0 0.6421875 0.6391554702495201 0.175 0.5143953934740882
0 0.171875 0.0671785028790787 0.225 0.1343570057581574
0 0.54453125 0.6266794625719769 0.18125 0.5143953934740882
0 0.32265625 0.7140115163147792 0.0578125 0.29558541266794625