0 0.36953125 0.525 0.084375 0.28958333333333336
0 0.55078125 0.43125 0.040625 0.17291666666666666
0 0.62734375 0.378125 0.009375 0.05
0 0.58203125 0.3770833333333333 0.0109375 0.052083333333333336
0 0.86796875 0.603125 0.1625 0.16875
0 0.64375 0.37604166666666666 0.0078125 0.04791666666666667
0 0.60390625 0.37604166666666666 0.0078125 0.04583333333333333
0 0.615625 0.37604166666666666 0.0140625 0.052083333333333336
0 0.521875 0.39375 0.0171875 0.07708333333333334
0 0.59609375 0.37604166666666666 0.0078125 0.041666666666666664
0 0.65703125 0.375 0.009375 0.05
0 0.51015625 0.42291666666666666 0.0328125 0.12916666666666668
