0 0.2171875 0.7687793427230047 0.065625 0.460093896713615
0 0.27265625 0.6267605633802817 0.06875 0.176056338028169
0 0.34375 0.6302816901408451 0.1015625 0.392018779342723
0 0.440625 0.6866197183098591 0.121875 0.44835680751173707
0 0.58046875 0.687793427230047 0.1 0.39906103286384975
0 0.63984375 0.6443661971830986 0.0734375 0.3755868544600939
0 0.68984375 0.6983568075117371 0.071875 0.3685446009389671
0 0.0012142453125 0.001886255868544601 0.0001896734375 0.0009223262910798123
0 0.27890625 0.5223004694835681 0.0421875 0.11267605633802817
0 0.14609375 0.6725352112676056 0.10625 0.38497652582159625
0 0.2359375 0.5504694835680751 0.0296875 0.176056338028169
0 0.97421875 0.6748826291079812 0.05 0.4014084507042254
0 0.8625 0.7112676056338029 0.078125 0.33098591549295775
