0 0.68203125 0.3824152542372881 0.3796875 0.4173728813559322
0 0.203125 0.20127118644067796 0.040625 0.125
0 0.31328125 0.19703389830508475 0.025 0.1504237288135593
0 0.7484375 0.13135593220338984 0.0265625 0.057203389830508475
0 0.77421875 0.13029661016949154 0.0234375 0.06779661016949153
0 0.91640625 0.13877118644067796 0.01875 0.06779661016949153
0 0.946875 0.13559322033898305 0.025 0.06779661016949153
0 0.6578125 0.13559322033898305 0.025 0.05084745762711865
0 0.54140625 0.17372881355932204 0.028125 0.09745762711864407
0 0.09765625 0.225635593220339 0.040625 0.163135593220339
0 0.046875 0.2129237288135593 0.0515625 0.1906779661016949
