0 0.0015467126984126983 0.00140650625 0.00008117936507936508 0.0003118890625
0 0.7325396825396825 0.728125 0.044444444444444446 0.1328125
0 0.4222222222222222 0.7703125 0.07777777777777778 0.225
0 0.11190476190476191 0.63359375 0.04285714285714286 0.0703125
0 0.30317460317460315 0.696875 0.049206349206349205 0.1625
0 0.7293650793650793 0.82421875 0.05873015873015873 0.1375
0 0.4222222222222222 0.55546875 0.022222222222222223 0.0375
0 0.49444444444444446 0.5890625 0.03650793650793651 0.0984375
0 0.13968253968253969 0.76484375 0.06190476190476191 0.2046875
0 0.08095238095238096 0.753125 0.07936507936507936 0.225
0 0.3547619047619048 0.73515625 0.05238095238095238 0.1890625
0 0.2761904761904762 0.75 0.05873015873015873 0.1671875
0 0.584920634920635 0.77890625 0.0761904761904762 0.228125
