0 0.57578125 0.5914760914760915 0.253125 0.5509355509355509
0 0.8484375 0.632016632016632 0.1984375 0.3783783783783784
0 0.42109375 0.26507276507276506 0.078125 0.16632016632016633
0 0.46953125 0.22972972972972974 0.0734375 0.13721413721413722
0 0.30078125 0.2765072765072765 0.0890625 0.15384615384615385
0 0.25078125 0.288981288981289 0.1078125 0.13513513513513514
0 0.15703125 0.2983367983367983 0.0921875 0.11642411642411643
0 0.371875 0.28586278586278585 0.1015625 0.12681912681912683
0 0.471875 0.09667359667359668 0.0828125 0.13513513513513514
0 0.5390625 0.29521829521829523 0.0921875 0.12474012474012475
0 0.4203125 0.1683991683991684 0.053125 0.12266112266112267
0 0.55 0.08835758835758836 0.0734375 0.1392931392931393
0 0.63515625 0.14760914760914762 0.125 0.27442827442827444