0 0.4171875 0.5798969072164949 0.1703125 0.8195876288659794
0 0.59375 0.625 0.1765625 0.729381443298969
0 0.72421875 0.5631443298969072 0.2296875 0.8479381443298969
0 0.0011875125000000001 0.0014633608247422679 0.00020397968749999998 0.0022279201030927834
0 0.15859375 0.5476804123711341 0.0640625 0.16752577319587628
0 0.30390625 0.5837628865979382 0.14375 0.7963917525773195
0 0.884375 0.5360824742268041 0.04375 0.1134020618556701
0 0.22734375 0.538659793814433 0.1375 0.9226804123711341
0 0.87734375 0.40850515463917525 0.0546875 0.13659793814432988
0 0.15234375 0.41494845360824745 0.0328125 0.1134020618556701
