0 0.6234375 0.30416666666666664 0.134375 0.21666666666666667
0 0.49921875 0.34791666666666665 0.0921875 0.21666666666666667
0 0.55078125 0.28125 0.0359375 0.11875
0 0.778125 0.28854166666666664 0.0484375 0.09166666666666666
0 0.76328125 0.28020833333333334 0.0328125 0.05625
0 0.58671875 0.275 0.009375 0.0125
0 0.15390625 0.30833333333333335 0.0515625 0.09791666666666667
0 0.0296875 0.303125 0.059375 0.11458333333333333
0 0.09453125 0.26875 0.0234375 0.03333333333333333
0 0.68359375 0.3 0.0515625 0.10416666666666667
0 0.8484375 0.2875 0.0203125 0.03125
0 0.8171875 0.2833333333333333 0.0171875 0.0375