0 0.621875 0.40208333333333335 0.1609375 0.34791666666666665
0 0.95078125 0.9166666666666666 0.0984375 0.16666666666666666
0 0.07421875 0.5052083333333334 0.0734375 0.3020833333333333
0 0.82109375 0.38958333333333334 0.034375 0.16875
0 0.896875 0.38333333333333336 0.04375 0.15833333333333333
0 0.4953125 0.41458333333333336 0.0484375 0.21666666666666667
0 0.43046875 0.4166666666666667 0.05 0.23541666666666666
0 0.446875 0.32395833333333335 0.015625 0.027083333333333334
0 0.32578125 0.421875 0.0375 0.175
0 0.27578125 0.5145833333333333 0.0515625 0.13958333333333334
0 0.178125 0.5020833333333333 0.046875 0.24375
0 0.76796875 0.33958333333333335 0.021875 0.04375
0 0.22421875 0.48541666666666666 0.0578125 0.23125