0 0.471875 0.34543325526932084 0.084375 0.2693208430913349
0 0.21015625 0.3747072599531616 0.0265625 0.1053864168618267
0 0.2375 0.3805620608899297 0.025 0.10304449648711944
0 0.06875 0.3793911007025761 0.0328125 0.09601873536299765
0 0.25859375 0.382903981264637 0.0296875 0.10070257611241218
0 0.31484375 0.382903981264637 0.0265625 0.09133489461358314
0 0.2921875 0.3840749414519906 0.025 0.1053864168618267
0 0.3390625 0.38875878220140514 0.034375 0.08665105386416862
0 0.275 0.38875878220140514 0.025 0.08899297423887588
0 0.3671875 0.382903981264637 0.03125 0.08665105386416862
0 0.809375 0.3992974238875878 0.0328125 0.1405152224824356
0 0.85625 0.38992974238875877 0.034375 0.09601873536299765
0 0.9890625 0.4262295081967213 0.021875 0.09133489461358314