0 0.38046875 0.5020833333333333 0.221875 0.4083333333333333
0 0.2859375 0.3802083333333333 0.046875 0.1375
0 0.715625 0.4 0.0171875 0.06666666666666667
0 0.275 0.3697916666666667 0.0140625 0.035416666666666666
0 0.50078125 0.40208333333333335 0.0125 0.041666666666666664
0 0.68984375 0.409375 0.0421875 0.07291666666666667
0 0.76171875 0.41770833333333335 0.028125 0.07916666666666666
0 0.84921875 0.42291666666666666 0.0171875 0.058333333333333334
0 0.2453125 0.4479166666666667 0.0671875 0.22083333333333333
0 0.91640625 0.425 0.0171875 0.0625
0 0.54375 0.4010416666666667 0.0296875 0.09791666666666667