0 0.17890625 0.7037470725995316 0.11875 0.4894613583138173
0 0.709375 0.33138173302107726 0.0140625 0.02107728337236534
0 0.4015625 0.6791569086651054 0.1609375 0.5784543325526932
0 0.8875 0.32435597189695553 0.00625 0.00936768149882904
0 0.9234375 0.32669789227166274 0.0125 0.00702576112412178
0 0.31640625 0.3126463700234192 0.00625 0.00702576112412178
0 0.78515625 0.32786885245901637 0.021875 0.01639344262295082
0 0.29140625 0.3091334894613583 0.00625 0.01639344262295082
0 0.5625 0.30327868852459017 0.003125 0.00468384074941452
0 0.92734375 0.32084309133489464 0.0046875 0.00468384074941452
0 0.2671875 0.3126463700234192 0.0078125 0.00936768149882904
0 0.090625 0.319672131147541 0.0078125 0.0117096018735363