0 0.51953125 0.5260416666666666 0.071875 0.25416666666666665
0 0.2453125 0.6447916666666667 0.05 0.2604166666666667
0 0.415625 0.3854166666666667 0.0765625 0.2708333333333333
0 0.34453125 0.496875 0.0546875 0.24375
0 0.04296875 0.7291666666666666 0.0703125 0.37916666666666665
0 0.3 0.07604166666666666 0.034375 0.05
0 0.246875 0.09479166666666666 0.03125 0.06666666666666667
0 0.0765625 0.103125 0.0296875 0.06875
0 0.18359375 0.115625 0.0359375 0.04583333333333333
0 0.63359375 0.028125 0.034375 0.04583333333333333
0 0.7703125 0.9510416666666667 0.1375 0.07291666666666667
0 0.00032858906250000003 0.002011133333333333 0.000285546875 0.00014440208333333333
0 0.0014263921875 0.0017136291666666667 0.0002722171875 0.0006746520833333333