0 0.60546875 0.37604166666666666 0.0640625 0.14166666666666666
0 0.36484375 0.39375 0.121875 0.20625
0 0.7109375 0.328125 0.1859375 0.22916666666666666
0 0.7859375 0.5760416666666667 0.2375 0.50625
0 0.1203125 0.35833333333333334 0.1 0.22291666666666668
0 0.06484375 0.36041666666666666 0.0578125 0.22083333333333333
0 0.728125 0.39791666666666664 0.09375 0.17916666666666667
0 0.25625 0.6416666666666667 0.340625 0.6625
0 0.44609375 0.33958333333333335 0.10625 0.29791666666666666
0 0.29453125 0.4375 0.1953125 0.2604166666666667
