0 0.415625 0.12206572769953052 0.078125 0.24413145539906103
0 0.94921875 0.2007042253521127 0.1 0.4014084507042254
0 0.32890625 0.13380281690140844 0.046875 0.2676056338028169
0 0.45078125 0.10211267605633803 0.0390625 0.19248826291079812
0 0.22421875 0.057511737089201875 0.03125 0.0539906103286385
0 0.57421875 0.05046948356807512 0.0296875 0.09859154929577464
0 0.3640625 0.11032863849765258 0.040625 0.2136150234741784
0 0.540625 0.057511737089201875 0.028125 0.07511737089201878
0 0.48125 0.09507042253521127 0.0375 0.1807511737089202
0 0.6234375 0.2511737089201878 0.146875 0.31220657276995306
0 0.88359375 0.09389671361502347 0.0359375 0.1784037558685446
0 0.37734375 0.03403755868544601 0.015625 0.046948356807511735
0 0.815625 0.06103286384976526 0.0375 0.056338028169014086
