0 0.66171875 0.6004098360655737 0.0265625 0.055327868852459015
0 0.55625 0.5922131147540983 0.0171875 0.05942622950819672
0 0.58671875 0.5922131147540983 0.0234375 0.05737704918032787
0 0.396875 0.5819672131147541 0.00625 0.02663934426229508
0 0.36015625 0.5860655737704918 0.009375 0.030737704918032786
0 0.53046875 0.5799180327868853 0.0109375 0.03483606557377049
0 0.384375 0.5829918032786885 0.0078125 0.028688524590163935
0 0.71015625 0.5891393442622951 0.0140625 0.05942622950819672
0 0.33828125 0.6075819672131147 0.01875 0.07377049180327869
0 0.3046875 0.5881147540983607 0.0109375 0.03278688524590164
0 0.3703125 0.5829918032786885 0.009375 0.028688524590163935
0 0.57109375 0.5788934426229508 0.0109375 0.03278688524590164
0 0.41875 0.6157786885245902 0.0390625 0.10860655737704918