0 0.869 0.5826666666666667 0.012 0.037333333333333336
0 0.249 0.8293333333333334 0.052 0.16533333333333333
0 0.234 0.696 0.038 0.064
0 0.524 0.528 0.01 0.02666666666666667
0 0.939 0.808 0.072 0.16
0 0.847 0.7373333333333333 0.032 0.10666666666666667
0 0.826 0.712 0.018 0.06666666666666667
0 0.873 0.88 0.048 0.192
0 0.532 0.556 0.01 0.032
0 0.504 0.9093333333333333 0.054 0.17866666666666667
0 0.726 0.7933333333333333 0.046 0.14933333333333335
0 0.173 0.884 0.06 0.12
0 0.037 0.9333333333333333 0.064 0.13333333333333333
