0 0.94609375 0.6333333333333333 0.021875 0.0967741935483871
0 0.60859375 0.4870967741935484 0.19375 0.44731182795698926
0 0.75234375 0.5483870967741935 0.0359375 0.24516129032258063
0 0.825 0.5365591397849462 0.065625 0.22580645161290322
0 0.97578125 0.6268817204301075 0.0265625 0.11397849462365592
0 0.2828125 0.5118279569892473 0.1109375 0.4236559139784946
0 0.71015625 0.4817204301075269 0.0640625 0.14838709677419354
0 0.43515625 0.5279569892473118 0.1015625 0.421505376344086
0 0.87734375 0.5086021505376344 0.0546875 0.1870967741935484
0 0.19140625 0.3924731182795699 0.021875 0.034408602150537634
