0 0.5359375 0.531615925058548 0.396875 0.9133489461358314
0 0.28125 0.5562060889929742 0.115625 0.8665105386416861
0 0.00028896562499999996 0.0013900702576112411 0.0002867671875 0.001903702576112412
0 0.66953125 0.27049180327868855 0.2375 0.48711943793911006
0 0.6828125 0.319672131147541 0.09375 0.22482435597189696
0 0.8703125 0.34543325526932084 0.2078125 0.5152224824355972
0 0.10859375 0.32084309133489464 0.053125 0.20608899297423888
0 0.09609375 0.3091334894613583 0.04375 0.16159250585480095
0 0.3984375 0.3091334894613583 0.084375 0.1405152224824356
0 0.08203125 0.5749414519906323 0.1640625 0.8501170960187353
0 0.33359375 0.2962529274004684 0.025 0.053864168618266976
0 0.3625 0.2810304449648712 0.0359375 0.07494145199063232
0 0.94609375 0.36768149882903983 0.090625 0.39344262295081966
