0 0.90703125 0.4557522123893805 0.1484375 0.36504424778761063
0 0.63515625 0.31526548672566373 0.1484375 0.22787610619469026
0 0.76796875 0.26548672566371684 0.1171875 0.5154867256637168
0 0.38515625 0.41482300884955753 0.28125 0.7323008849557522
0 0.059375 0.2997787610619469 0.115625 0.4491150442477876
0 0.2625 0.7278761061946902 0.4296875 0.5176991150442478
0 0.16953125 0.2831858407079646 0.1078125 0.37831858407079644
0 0.325 0.6305309734513275 0.29375 0.581858407079646
0 0.0515625 0.6426991150442478 0.103125 0.37831858407079644
0 0.0015086796875 0.001331887168141593 0.00010764218749999999 0.0003819800884955752
0 0.42421875 0.413716814159292 0.19375 0.26327433628318586
