0 0.6353637901861252 0.4640625 0.2233502538071066 0.221875
0 0.35194585448392557 0.7953125 0.12521150592216582 0.1140625
0 0.19458544839255498 0.81328125 0.02030456852791878 0.0234375
0 0.16835871404399322 0.81953125 0.06260575296108291 0.059375
0 0.28510998307952623 0.753125 0.0338409475465313 0.053125
0 0.1218274111675127 0.8296875 0.05414551607445008 0.040625
0 0.5981387478849408 0.6234375 0.05583756345177665 0.075
0 0.805414551607445 0.48984375 0.032148900169204735 0.0359375
0 0.8485617597292724 0.4703125 0.0338409475465313 0.0359375
0 0.7301184433164128 0.509375 0.05414551607445008 0.0625
0 0.4966159052453469 0.66953125 0.08967851099830795 0.10625
0 0.23519458544839256 0.778125 0.023688663282571912 0.021875
0 0.5685279187817259 0.63515625 0.05583756345177665 0.071875
