0 0.1015625 0.5021834061135371 0.1609375 0.740174672489083
0 0.24140625 0.3056768558951965 0.1453125 0.3406113537117904
0 0.1375 0.6004366812227074 0.1890625 0.5262008733624454
0 0.27109375 0.584061135371179 0.14375 0.5436681222707423
0 0.4 0.5851528384279476 0.146875 0.5436681222707423
0 0.5015625 0.6703056768558951 0.11875 0.43013100436681223
0 0.60625 0.611353711790393 0.125 0.5087336244541485
0 0.72890625 0.6004366812227074 0.1609375 0.5305676855895196
0 0.84765625 0.5982532751091703 0.1609375 0.5458515283842795
0 0.89296875 0.46179039301310043 0.153125 0.7445414847161572
0 0.34609375 0.3111353711790393 0.109375 0.3537117903930131
0 0.47265625 0.3002183406113537 0.13125 0.38209606986899564
0 0.60859375 0.3296943231441048 0.1625 0.4344978165938865