0 0.43828125 0.5739583333333333 0.11875 0.29791666666666666
0 0.31796875 0.559375 0.1203125 0.3375
0 0.73125 0.50625 0.1625 0.65
0 0.65234375 0.16875 0.0640625 0.09583333333333334
0 0.83515625 0.15208333333333332 0.121875 0.20208333333333334
0 0.55625 0.15208333333333332 0.09375 0.14166666666666666
0 0.965625 0.24895833333333334 0.06875 0.10833333333333334
0 0.646875 0.06666666666666667 0.109375 0.13333333333333333
0 0.74296875 0.06354166666666666 0.0953125 0.12708333333333333
0 0.7265625 0.16145833333333334 0.0828125 0.07916666666666666
0 0.93515625 0.5989583333333334 0.1015625 0.225
0 0.18671875 0.48854166666666665 0.2484375 0.6583333333333333
0 0.10078125 0.5052083333333334 0.128125 0.60625
