0 0.1 0.6288981288981289 0.0359375 0.3700623700623701
0 0.64140625 0.604989604989605 0.090625 0.35550935550935553
0 0.23671875 0.6476091476091476 0.0625 0.31392931392931395
0 0.42890625 0.6112266112266113 0.0703125 0.37422037422037424
0 0.48828125 0.6122661122661123 0.0765625 0.367983367983368
0 0.13359375 0.28482328482328484 0.04375 0.0893970893970894
0 0.95390625 0.6091476091476091 0.075 0.31185031185031187
0 0.8765625 0.604989604989605 0.065625 0.3097713097713098
0 0.91875 0.4376299376299376 0.0328125 0.1288981288981289
0 0.4640625 0.44386694386694386 0.0453125 0.08316008316008316
0 0.04296875 0.6361746361746362 0.0734375 0.367983367983368
0 0.20390625 0.6226611226611226 0.05625 0.38461538461538464
0 0.29609375 0.6382536382536382 0.08125 0.3388773388773389
