0 0.49074074074074076 0.8859375 0.49588477366255146 0.2109375
0 0.33127572016460904 0.84765625 0.0205761316872428 0.025
0 0.11008230452674897 0.84140625 0.04938271604938271 0.090625
0 0.20473251028806586 0.82578125 0.0102880658436214 0.028125
0 0.3497942386831276 0.83515625 0.02263374485596708 0.05
0 0.9475308641975309 0.8953125 0.03497942386831276 0.0234375
0 0.047325102880658436 0.81328125 0.02880658436213992 0.0515625
0 0.9259259259259259 0.86015625 0.01440329218106996 0.00625
0 0.573045267489712 0.8546875 0.845679012345679 0.10625
0 0.8899176954732511 0.90859375 0.0411522633744856 0.0390625
0 0.31893004115226337 0.8453125 0.012345679012345678 0.0203125
0 0.36728395061728397 0.8328125 0.0102880658436214 0.025
0 0.3395061728395062 0.8375 0.09053497942386832 0.10625