0 0.4421875 0.6354166666666666 0.05625 0.2125
0 0.7109375 0.646875 0.075 0.3104166666666667
0 0.34453125 0.6104166666666667 0.0328125 0.11041666666666666
0 0.2171875 0.5916666666666667 0.034375 0.08958333333333333
0 0.14453125 0.5739583333333333 0.0359375 0.12291666666666666
0 0.24375 0.5916666666666667 0.0234375 0.05
0 0.27109375 0.5385416666666667 0.003125 0.014583333333333334
0 0.41953125 0.625 0.0390625 0.15208333333333332
0 0.30703125 0.553125 0.009375 0.027083333333333334
0 0.290625 0.5572916666666666 0.00625 0.014583333333333334
0 0.18671875 0.55625 0.0125 0.025
