0 0.60078125 0.8416666666666667 0.04375 0.20238095238095238
0 0.06640625 0.9035714285714286 0.03125 0.1380952380952381
0 0.26484375 0.8547619047619047 0.025 0.10952380952380952
0 0.48046875 0.8821428571428571 0.05625 0.2357142857142857
0 0.6546875 0.8285714285714286 0.0328125 0.18095238095238095
0 0.93515625 0.7107142857142857 0.0125 0.03333333333333333
0 0.55390625 0.8547619047619047 0.0484375 0.18095238095238095
0 0.0859375 0.8904761904761904 0.028125 0.1261904761904762
0 0.56484375 0.8273809523809523 0.0328125 0.14761904761904762
0 0.28828125 0.8452380952380952 0.028125 0.07857142857142857
0 0.74296875 0.7952380952380952 0.0140625 0.11428571428571428
0 0.684375 0.8238095238095238 0.03125 0.17857142857142858
0 0.24609375 0.8452380952380952 0.0265625 0.09761904761904762