0 0.466966966966967 0.909 0.024024024024024024 0.042
0 0.22072072072072071 0.908 0.012012012012012012 0.018
0 0.15615615615615616 0.9 0.009009009009009009 0.008
0 0.3963963963963964 0.902 0.018018018018018018 0.016
0 0.6066066066066066 0.921 0.015015015015015015 0.024
0 0.25225225225225223 0.906 0.012012012012012012 0.02
0 0.5 0.897 0.012012012012012012 0.02
0 0.2972972972972973 0.906 0.015015015015015015 0.028
0 0.046546546546546545 0.915 0.006006006006006006 0.014
0 0.5330330330330331 0.9 0.003003003003003003 0.008
0 0.6801801801801802 0.906 0.03003003003003003 0.05
0 0.7147147147147147 0.905 0.015015015015015015 0.044
0 0.6186186186186187 0.904 0.015015015015015015 0.03
