0 0.39375 0.528125 0.046875 0.18541666666666667
0 0.303125 0.5041666666666667 0.0515625 0.14375
0 0.203125 0.4479166666666667 0.034375 0.06666666666666667
0 0.1671875 0.4635416666666667 0.015625 0.05416666666666667
0 0.7140625 0.5760416666666667 0.071875 0.1375
0 0.46328125 0.484375 0.0296875 0.12708333333333333
0 0.56796875 0.540625 0.0390625 0.18958333333333333
0 0.36875 0.46458333333333335 0.0203125 0.01875
0 0.8453125 0.61875 0.0546875 0.24583333333333332
0 0.5328125 0.5604166666666667 0.0421875 0.25625
0 0.42734375 0.5333333333333333 0.034375 0.16875
0 0.90859375 0.559375 0.040625 0.21875
0 0.4875 0.578125 0.0484375 0.2375
