0 0.54765625 0.9248826291079812 0.065625 0.08450704225352113
0 0.8140625 0.8321596244131455 0.021875 0.10093896713615023
0 0.98203125 0.812206572769953 0.021875 0.09154929577464789
0 0.8671875 0.8204225352112676 0.015625 0.06807511737089202
0 0.89765625 0.82981220657277 0.015625 0.06338028169014084
0 0.371875 0.8133802816901409 0.0296875 0.08215962441314555
0 0.8828125 0.812206572769953 0.0171875 0.07981220657276995
0 0.540625 0.7969483568075117 0.0265625 0.09859154929577464
0 0.34765625 0.8215962441314554 0.0140625 0.03755868544600939
0 0.25859375 0.7981220657276995 0.00625 0.03051643192488263
0 0.27890625 0.784037558685446 0.0078125 0.03990610328638498
0 0.925 0.8497652582159625 0.046875 0.11971830985915492
0 0.46171875 0.9248826291079812 0.0484375 0.07276995305164319