0 0.39375 0.058333333333333334 0.0296875 0.10833333333333334
0 0.29453125 0.03854166666666667 0.025 0.05
0 0.22421875 0.0875 0.0734375 0.175
0 0.17578125 0.10833333333333334 0.084375 0.21041666666666667
0 0.60625 0.05625 0.0359375 0.1125
0 0.26015625 0.08020833333333334 0.053125 0.15833333333333333
0 0.040625 0.059375 0.0515625 0.11666666666666667
0 0.06640625 0.052083333333333336 0.0484375 0.08958333333333333
0 0.12890625 0.08645833333333333 0.0515625 0.1625
0 0.47265625 0.021875 0.025 0.041666666666666664
0 0.4328125 0.036458333333333336 0.0171875 0.0625
0 0.41015625 0.05520833333333333 0.01875 0.11041666666666666