0 0.4640625 0.65807962529274 0.1015625 0.28805620608899296
0 0.71796875 0.6053864168618267 0.3109375 0.6463700234192038
0 0.0014453984374999999 0.0016525081967213116 0.0002342046875 0.0009894192037470727
0 0.32734375 0.405152224824356 0.1 0.11475409836065574
0 0.05390625 0.6709601873536299 0.1078125 0.2693208430913349
0 0.1125 0.4262295081967213 0.0984375 0.06323185011709602
0 0.21015625 0.4203747072599532 0.0859375 0.08196721311475409
0 0.10078125 0.29859484777517564 0.1046875 0.12177985948477751
0 0.52890625 0.41100702576112413 0.078125 0.10772833723653395
0 0.9625 0.2962529274004684 0.065625 0.17096018735362997
0 0.44453125 0.4168618266978923 0.08125 0.09601873536299765
0 0.80625 0.31381733021077285 0.10625 0.14754098360655737
0 0.11796875 0.3700234192037471 0.071875 0.1358313817330211
