0 0.67890625 0.38405797101449274 0.5078125 0.7681159420289855
0 0.33984375 0.3884057971014493 0.1484375 0.39420289855072466
0 0.165625 0.427536231884058 0.2234375 0.527536231884058
0 0.4 0.3217391304347826 0.0859375 0.30144927536231886
0 0.05390625 0.37681159420289856 0.1078125 0.7507246376811594
0 0.46640625 0.18115942028985507 0.0921875 0.34492753623188405
0 0.9140625 0.4956521739130435 0.171875 0.8202898550724638
0 0.24375 0.1246376811594203 0.3078125 0.2492753623188406
0 0.53203125 0.34202898550724636 0.1328125 0.27246376811594203
0 0.5859375 0.19420289855072465 0.1859375 0.3884057971014493
