0 0.00136636 0.0016093175853018372 0.0006188 0.002030711286089239
0 0.909 0.6272965879265092 0.182 0.7296587926509186
0 0.0007085399999999999 0.0015900629921259842 0.0005242 0.002069220472440945
0 0.543 0.60498687664042 0.184 0.7664041994750657
0 0.672 0.11548556430446194 0.048 0.14173228346456693
0 0.329 0.1062992125984252 0.032 0.13385826771653545
0 0.292 0.1167979002624672 0.03 0.13385826771653545
0 0.263 0.1062992125984252 0.036 0.14698162729658792
0 0.849 0.06955380577427822 0.058 0.13123359580052493
0 0.697 0.09973753280839895 0.032 0.10236220472440945
0 0.093 0.5787401574803149 0.182 0.8136482939632546
0 0.889 0.13385826771653545 0.028 0.08398950131233596