0 0.49 0.28 0.044 0.21866666666666668
0 0.869 0.30933333333333335 0.06 0.22933333333333333
0 0.823 0.3 0.042 0.19733333333333333
0 0.77 0.30666666666666664 0.07 0.176
0 0.641 0.27466666666666667 0.04 0.19466666666666665
0 0.609 0.26 0.036 0.14666666666666667
0 0.553 0.268 0.042 0.16533333333333333
0 0.433 0.28933333333333333 0.03 0.17333333333333334
0 0.852 0.21066666666666667 0.02 0.034666666666666665
0 0.333 0.2653333333333333 0.026 0.14133333333333334
0 0.529 0.26 0.028 0.152
0 0.58 0.256 0.03 0.13333333333333333
0 0.223 0.276 0.068 0.232
