0 0.9489583333333333 0.8234375 0.09791666666666667 0.2140625
0 0.8885416666666667 0.74375 0.09166666666666666 0.1734375
0 0.7333333333333333 0.85 0.09583333333333334 0.228125
0 0.6458333333333334 0.50078125 0.035416666666666666 0.046875
0 0.7020833333333333 0.653125 0.09375 0.1109375
0 0.6427083333333333 0.7890625 0.07083333333333333 0.1859375
0 0.6145833333333334 0.43671875 0.03958333333333333 0.0703125
0 0.5583333333333333 0.3484375 0.010416666666666666 0.0125
0 0.69375 0.5859375 0.058333333333333334 0.0875
0 0.5885416666666666 0.50859375 0.05416666666666667 0.0671875
0 0.7197916666666667 0.7671875 0.075 0.128125
0 0.68125 0.73359375 0.052083333333333336 0.1515625
0 0.6760416666666667 0.515625 0.03958333333333333 0.0640625