0 0.0734375 0.6089866156787763 0.0359375 0.12619502868068833
0 0.18671875 0.6061185468451242 0.0421875 0.12810707456978968
0 0.328125 0.6022944550669216 0.04375 0.14531548757170173
0 0.52109375 0.5936902485659655 0.046875 0.14149139579349904
0 0.465625 0.607074569789675 0.04375 0.12045889101338432
0 0.65390625 0.517208413001912 0.0203125 0.06883365200764818
0 0.2375 0.5927342256214149 0.0390625 0.11089866156787763
0 0.76015625 0.3852772466539197 0.0078125 0.021032504780114723
0 0.10703125 0.5994263862332696 0.028125 0.1089866156787763
0 0.01796875 0.6051625239005736 0.034375 0.13575525812619502
0 0.71328125 0.43881453154875716 0.0125 0.045889101338432124
0 0.13046875 0.6089866156787763 0.040625 0.1338432122370937
