0 0.5362997658079626 0.4875 0.46604215456674475 0.671875
0 0.23185011709601874 0.53046875 0.3911007025761124 0.7015625
0 0.8255269320843092 0.54296875 0.28805620608899296 0.690625
0 0.13114754098360656 0.38125 0.15690866510538642 0.26875
0 0.6615925058548009 0.20234375 0.07728337236533958 0.1328125
0 0.37822014051522246 0.18515625 0.12412177985948478 0.1375
0 0.6194379391100703 0.15234375 0.03981264637002342 0.0421875
0 0.5550351288056206 0.14765625 0.07259953161592506 0.04375
0 0.5128805620608899 0.1375 0.03747072599531616 0.0328125
0 0.45784543325526933 0.15703125 0.0585480093676815 0.0609375
0 0.6861826697892272 0.1546875 0.0351288056206089 0.0671875
0 0.47423887587822017 0.13359375 0.02810304449648712 0.0359375
